0	0
0.01	0
0.02	4e-05
0.03	0.0001196
0.04	0.000238404
0.05	0.00039602
0.06	0.00059206
0.07	0.000826139
0.08	0.00109788
0.09	0.0014069
0.1	0.00175283
0.11	0.0021353
0.12	0.00255395
0.13	0.00300841
0.14	0.00349832
0.15	0.00402334
0.16	0.00458311
0.17	0.00517728
0.18	0.0058055
0.19	0.00646745
0.2	0.00716277
0.21	0.00789115
0.22	0.00865224
0.23	0.00944571
0.24	0.0102713
0.25	0.0111285
0.26	0.0120173
0.27	0.0129371
0.28	0.0138877
0.29	0.0148688
0.3	0.0158801
0.31	0.0169213
0.32	0.0179921
0.33	0.0190922
0.34	0.0202213
0.35	0.0213791
0.36	0.0225653
0.37	0.0237796
0.38	0.0250218
0.39	0.0262916
0.4	0.0275887
0.41	0.0289128
0.42	0.0302637
0.43	0.0316411
0.44	0.0330446
0.45	0.0344742
0.46	0.0359295
0.47	0.0374102
0.48	0.0389161
0.49	0.0404469
0.5	0.0420024
0.51	0.0435824
0.52	0.0451866
0.53	0.0468147
0.54	0.0484666
0.55	0.0501419
0.56	0.0518405
0.57	0.0535621
0.58	0.0553065
0.59	0.0570734
0.6	0.0588627
0.61	0.060674
0.62	0.0625073
0.63	0.0643622
0.64	0.0662386
0.65	0.0681362
0.66	0.0700548
0.67	0.0719943
0.68	0.0739544
0.69	0.0759348
0.7	0.0779355
0.71	0.0799561
0.72	0.0819965
0.73	0.0840566
0.74	0.086136
0.75	0.0882347
0.76	0.0903523
0.77	0.0924888
0.78	0.0946439
0.79	0.0968175
0.8	0.0990093
0.81	0.101219
0.82	0.103447
0.83	0.105693
0.84	0.107956
0.85	0.110236
0.86	0.112534
0.87	0.114848
0.88	0.11718
0.89	0.119528
0.9	0.121893
0.91	0.124274
0.92	0.126671
0.93	0.129084
0.94	0.131514
0.95	0.133958
0.96	0.136419
0.97	0.138895
0.98	0.141386
0.99	0.143892
1	0.146413
1.01	0.148949
1.02	0.151499
1.03	0.154064
1.04	0.156644
1.05	0.159237
1.06	0.161845
1.07	0.164466
1.08	0.167102
1.09	0.169751
1.1	0.172413
1.11	0.175089
1.12	0.177778
1.13	0.18048
1.14	0.183196
1.15	0.185924
1.16	0.188664
1.17	0.191418
1.18	0.194184
1.19	0.196962
1.2	0.199752
1.21	0.202555
1.22	0.205369
1.23	0.208195
1.24	0.211033
1.25	0.213883
1.26	0.216744
1.27	0.219617
1.28	0.222501
1.29	0.225396
1.3	0.228302
1.31	0.231219
1.32	0.234146
1.33	0.237085
1.34	0.240034
1.35	0.242994
1.36	0.245964
1.37	0.248944
1.38	0.251935
1.39	0.254935
1.4	0.257946
1.41	0.260967
1.42	0.263997
1.43	0.267037
1.44	0.270087
1.45	0.273146
1.46	0.276214
1.47	0.279292
1.48	0.282379
1.49	0.285475
1.5	0.288581
1.51	0.291695
1.52	0.294818
1.53	0.29795
1.54	0.30109
1.55	0.304239
1.56	0.307397
1.57	0.310563
1.58	0.313737
1.59	0.31692
1.6	0.320111
1.61	0.32331
1.62	0.326517
1.63	0.329731
1.64	0.332954
1.65	0.336185
1.66	0.339423
1.67	0.342669
1.68	0.345922
1.69	0.349183
1.7	0.352451
1.71	0.355726
1.72	0.359009
1.73	0.362299
1.74	0.365596
1.75	0.3689
1.76	0.372211
1.77	0.375529
1.78	0.378854
1.79	0.382185
1.8	0.385523
1.81	0.388868
1.82	0.392219
1.83	0.395577
1.84	0.398941
1.85	0.402312
1.86	0.405689
1.87	0.409072
1.88	0.412461
1.89	0.415857
1.9	0.419258
1.91	0.422665
1.92	0.426079
1.93	0.429498
1.94	0.432923
1.95	0.436354
1.96	0.43979
1.97	0.443232
1.98	0.44668
1.99	0.450133
2	0.453592
2.01	0.457056
2.02	0.460525
2.03	0.464
2.04	0.46748
2.05	0.470965
2.06	0.474456
2.07	0.477951
2.08	0.481452
2.09	0.484957
2.1	0.488468
2.11	0.491983
2.12	0.495503
2.13	0.499028
2.14	0.502558
2.15	0.506092
2.16	0.509631
2.17	0.513175
2.18	0.516723
2.19	0.520276
2.2	0.523833
2.21	0.527395
2.22	0.530961
2.23	0.534531
2.24	0.538106
2.25	0.541685
2.26	0.545268
2.27	0.548855
2.28	0.552447
2.29	0.556042
2.3	0.559642
2.31	0.563245
2.32	0.566853
2.33	0.570465
2.34	0.57408
2.35	0.577699
2.36	0.581322
2.37	0.584949
2.38	0.588579
2.39	0.592214
2.4	0.595851
2.41	0.599493
2.42	0.603138
2.43	0.606787
2.44	0.610439
2.45	0.614094
2.46	0.617753
2.47	0.621416
2.48	0.625082
2.49	0.628751
2.5	0.632423
2.51	0.636099
2.52	0.639698
2.53	0.643221
2.54	0.646669
2.55	0.650042
2.56	0.653342
2.57	0.656568
2.58	0.659723
2.59	0.662806
2.6	0.665817
2.61	0.668759
2.62	0.671632
2.63	0.674435
2.64	0.677171
2.65	0.679839
2.66	0.682441
2.67	0.684977
2.68	0.687447
2.69	0.689852
2.7	0.692194
2.71	0.694472
2.72	0.696687
2.73	0.69884
2.74	0.700932
2.75	0.702963
2.76	0.704933
2.77	0.706844
2.78	0.708695
2.79	0.710488
2.8	0.712223
2.81	0.713901
2.82	0.715522
2.83	0.717087
2.84	0.718596
2.85	0.72005
2.86	0.72145
2.87	0.722795
2.88	0.724087
2.89	0.725326
2.9	0.726513
2.91	0.727648
2.92	0.728731
2.93	0.729764
2.94	0.730746
2.95	0.731679
2.96	0.732562
2.97	0.733397
2.98	0.734183
2.99	0.734921
3	0.735612
3.01	0.736255
3.02	0.736853
3.03	0.737404
3.04	0.73791
3.05	0.738371
3.06	0.738787
3.07	0.73916
3.08	0.739488
3.09	0.739773
3.1	0.740015
3.11	0.740215
3.12	0.740373
3.13	0.740489
3.14	0.740564
3.15	0.740599
3.16	0.740593
3.17	0.740547
3.18	0.740461
3.19	0.740337
3.2	0.740173
3.21	0.739972
3.22	0.739732
3.23	0.739455
3.24	0.73914
3.25	0.738789
3.26	0.738401
3.27	0.737977
3.28	0.737517
3.29	0.737022
3.3	0.736492
3.31	0.735927
3.32	0.735327
3.33	0.734694
3.34	0.734027
3.35	0.733327
3.36	0.732594
3.37	0.731828
3.38	0.731029
3.39	0.730199
3.4	0.729337
3.41	0.728444
3.42	0.727519
3.43	0.726564
3.44	0.725579
3.45	0.724563
3.46	0.723517
3.47	0.722442
3.48	0.721338
3.49	0.720204
3.5	0.719042
3.51	0.717852
3.52	0.716633
3.53	0.715387
3.54	0.714113
3.55	0.712812
3.56	0.711484
3.57	0.710129
3.58	0.708748
3.59	0.70734
3.6	0.705907
3.61	0.704448
3.62	0.702963
3.63	0.701454
3.64	0.699919
3.65	0.69836
3.66	0.696776
3.67	0.695168
3.68	0.693537
3.69	0.691881
3.7	0.690203
3.71	0.688501
3.72	0.686776
3.73	0.685028
3.74	0.683258
3.75	0.681465
3.76	0.67965
3.77	0.677814
3.78	0.675956
3.79	0.674076
3.8	0.672175
3.81	0.670254
3.82	0.668311
3.83	0.666348
3.84	0.664364
3.85	0.662361
3.86	0.660337
3.87	0.658294
3.88	0.656231
3.89	0.654149
3.9	0.652047
3.91	0.649927
3.92	0.647787
3.93	0.64563
3.94	0.643453
3.95	0.641259
3.96	0.639046
3.97	0.636816
3.98	0.634567
3.99	0.632302
4	0.630019
4.01	0.627719
4.02	0.625401
4.03	0.623067
4.04	0.620717
4.05	0.61835
4.06	0.615966
4.07	0.613566
4.08	0.611151
4.09	0.608719
4.1	0.606272
4.11	0.603809
4.12	0.601331
4.13	0.598838
4.14	0.59633
4.15	0.593806
4.16	0.591268
4.17	0.588716
4.18	0.586148
4.19	0.583567
4.2	0.580971
4.21	0.578361
4.22	0.575738
4.23	0.5731
4.24	0.570449
4.25	0.567785
4.26	0.565107
4.27	0.562416
4.28	0.559712
4.29	0.556995
4.3	0.554265
4.31	0.551522
4.32	0.548767
4.33	0.545999
4.34	0.543219
4.35	0.540427
4.36	0.537623
4.37	0.534807
4.38	0.531979
4.39	0.529139
4.4	0.526287
4.41	0.523425
4.42	0.52055
4.43	0.517665
4.44	0.514768
4.45	0.51186
4.46	0.508942
4.47	0.506012
4.48	0.503072
4.49	0.500122
4.5	0.49716
4.51	0.494189
4.52	0.491207
4.53	0.488215
4.54	0.485213
4.55	0.482201
4.56	0.479179
4.57	0.476147
4.58	0.473105
4.59	0.470054
4.6	0.466994
4.61	0.463924
4.62	0.460844
4.63	0.457756
4.64	0.454658
4.65	0.451552
4.66	0.448436
4.67	0.445312
4.68	0.442179
4.69	0.439037
4.7	0.435887
4.71	0.432728
4.72	0.429561
4.73	0.426385
4.74	0.423201
4.75	0.420009
4.76	0.416809
4.77	0.413601
4.78	0.410385
4.79	0.407161
4.8	0.403929
4.81	0.40069
4.82	0.397443
4.83	0.394189
4.84	0.390927
4.85	0.387658
4.86	0.384381
4.87	0.381097
4.88	0.377806
4.89	0.374508
4.9	0.371203
4.91	0.367891
4.92	0.364572
4.93	0.361247
4.94	0.357914
4.95	0.354575
4.96	0.351229
4.97	0.347877
4.98	0.344518
4.99	0.341153
5	0.337781
5.01	0.334404
5.02	0.3311
5.03	0.327869
5.04	0.32471
5.05	0.321623
5.06	0.318607
5.07	0.31566
5.08	0.312784
5.09	0.309976
5.1	0.307236
5.11	0.304564
5.12	0.301958
5.13	0.299419
5.14	0.296944
5.15	0.294535
5.16	0.29219
5.17	0.289908
5.18	0.287689
5.19	0.285532
5.2	0.283437
5.21	0.281402
5.22	0.279428
5.23	0.277514
5.24	0.275659
5.25	0.273862
5.26	0.272123
5.27	0.270442
5.28	0.268818
5.29	0.26725
5.3	0.265737
5.31	0.26428
5.32	0.262877
5.33	0.261528
5.34	0.260233
5.35	0.258991
5.36	0.257801
5.37	0.256663
5.38	0.255576
5.39	0.25454
5.4	0.253555
5.41	0.252619
5.42	0.251733
5.43	0.250896
5.44	0.250107
5.45	0.249366
5.46	0.248672
5.47	0.248025
5.48	0.247425
5.49	0.246871
5.5	0.246362
5.51	0.245899
5.52	0.24548
5.53	0.245105
5.54	0.244774
5.55	0.244486
5.56	0.244241
5.57	0.244039
5.58	0.243878
5.59	0.24376
5.6	0.243682
5.61	0.243645
5.62	0.243649
5.63	0.243692
5.64	0.243775
5.65	0.243898
5.66	0.244059
5.67	0.244258
5.68	0.244495
5.69	0.24477
5.7	0.245083
5.71	0.245432
5.72	0.245818
5.73	0.246239
5.74	0.246697
5.75	0.24719
5.76	0.247718
5.77	0.248281
5.78	0.248878
5.79	0.249509
5.8	0.250174
5.81	0.250873
5.82	0.251604
5.83	0.252368
5.84	0.253164
5.85	0.253992
5.86	0.254853
5.87	0.255744
5.88	0.256667
5.89	0.25762
5.9	0.258604
5.91	0.259618
5.92	0.260661
5.93	0.261735
5.94	0.262838
5.95	0.263969
5.96	0.265129
5.97	0.266318
5.98	0.267535
5.99	0.26878
6	0.270052
6.01	0.271351
6.02	0.272678
6.03	0.274031
6.04	0.275411
6.05	0.276817
6.06	0.278248
6.07	0.279706
6.08	0.281189
6.09	0.282697
6.1	0.28423
6.11	0.285788
6.12	0.28737
6.13	0.288976
6.14	0.290606
6.15	0.29226
6.16	0.293938
6.17	0.295638
6.18	0.297362
6.19	0.299108
6.2	0.300877
6.21	0.302668
6.22	0.304482
6.23	0.306317
6.24	0.308174
6.25	0.310052
6.26	0.311952
6.27	0.313872
6.28	0.315813
6.29	0.317775
6.3	0.319757
6.31	0.32176
6.32	0.323782
6.33	0.325824
6.34	0.327886
6.35	0.329967
6.36	0.332068
6.37	0.334187
6.38	0.336325
6.39	0.338482
6.4	0.340657
6.41	0.34285
6.42	0.345062
6.43	0.347291
6.44	0.349538
6.45	0.351803
6.46	0.354085
6.47	0.356384
6.48	0.3587
6.49	0.361033
6.5	0.363383
6.51	0.365749
6.52	0.368132
6.53	0.37053
6.54	0.372945
6.55	0.375376
6.56	0.377822
6.57	0.380284
6.58	0.382761
6.59	0.385253
6.6	0.387761
6.61	0.390283
6.62	0.39282
6.63	0.395372
6.64	0.397938
6.65	0.400519
6.66	0.403114
6.67	0.405723
6.68	0.408345
6.69	0.410982
6.7	0.413632
6.71	0.416296
6.72	0.418973
6.73	0.421663
6.74	0.424366
6.75	0.427083
6.76	0.429812
6.77	0.432554
6.78	0.435308
6.79	0.438075
6.8	0.440854
6.81	0.443646
6.82	0.446449
6.83	0.449265
6.84	0.452092
6.85	0.454931
6.86	0.457782
6.87	0.460644
6.88	0.463518
6.89	0.466403
6.9	0.469299
6.91	0.472206
6.92	0.475124
6.93	0.478052
6.94	0.480992
6.95	0.483942
6.96	0.486902
6.97	0.489873
6.98	0.492855
6.99	0.495846
7	0.498848
7.01	0.501859
7.02	0.504881
7.03	0.507912
7.04	0.510953
7.05	0.514003
7.06	0.517063
7.07	0.520132
7.08	0.523211
7.09	0.526299
7.1	0.529396
7.11	0.532502
7.12	0.535617
7.13	0.538741
7.14	0.541873
7.15	0.545015
7.16	0.548165
7.17	0.551323
7.18	0.55449
7.19	0.557665
7.2	0.560848
7.21	0.56404
7.22	0.567239
7.23	0.570447
7.24	0.573662
7.25	0.576886
7.26	0.580117
7.27	0.583356
7.28	0.586602
7.29	0.589856
7.3	0.593118
7.31	0.596386
7.32	0.599663
7.33	0.602946
7.34	0.606237
7.35	0.609534
7.36	0.612839
7.37	0.61615
7.38	0.619469
7.39	0.622794
7.4	0.626126
7.41	0.629465
7.42	0.63281
7.43	0.636162
7.44	0.639521
7.45	0.642885
7.46	0.646257
7.47	0.649634
7.48	0.653018
7.49	0.656407
7.5	0.659803
7.51	0.663205
7.52	0.666533
7.53	0.669788
7.54	0.67297
7.55	0.67608
7.56	0.67912
7.57	0.682088
7.58	0.684988
7.59	0.687818
7.6	0.690579
7.61	0.693274
7.62	0.695901
7.63	0.698462
7.64	0.700957
7.65	0.703388
7.66	0.705754
7.67	0.708056
7.68	0.710296
7.69	0.712473
7.7	0.714588
7.71	0.716642
7.72	0.718636
7.73	0.720569
7.74	0.722444
7.75	0.724259
7.76	0.726017
7.77	0.727717
7.78	0.729359
7.79	0.730946
7.8	0.732476
7.81	0.733952
7.82	0.735372
7.83	0.736738
7.84	0.738051
7.85	0.73931
7.86	0.740517
7.87	0.741672
7.88	0.742775
7.89	0.743828
7.9	0.744829
7.91	0.745781
7.92	0.746683
7.93	0.747536
7.94	0.748341
7.95	0.749098
7.96	0.749807
7.97	0.750469
7.98	0.751084
7.99	0.751653
8	0.752177
8.01	0.752655
8.02	0.753088
8.03	0.753477
8.04	0.753823
8.05	0.754124
8.06	0.754383
8.07	0.754599
8.08	0.754773
8.09	0.754906
8.1	0.754997
8.11	0.755047
8.12	0.755056
8.13	0.755026
8.14	0.754955
8.15	0.754846
8.16	0.754697
8.17	0.75451
8.18	0.754285
8.19	0.754022
8.2	0.753722
8.21	0.753385
8.22	0.753011
8.23	0.752601
8.24	0.752155
8.25	0.751673
8.26	0.751157
8.27	0.750605
8.28	0.750019
8.29	0.749399
8.3	0.748745
8.31	0.748057
8.32	0.747337
8.33	0.746583
8.34	0.745798
8.35	0.74498
8.36	0.74413
8.37	0.743249
8.38	0.742336
8.39	0.741393
8.4	0.740419
8.41	0.739415
8.42	0.73838
8.43	0.737317
8.44	0.736224
8.45	0.735101
8.46	0.73395
8.47	0.732771
8.48	0.731563
8.49	0.730327
8.5	0.729064
8.51	0.727774
8.52	0.726456
8.53	0.725111
8.54	0.72374
8.55	0.722343
8.56	0.720919
8.57	0.71947
8.58	0.717995
8.59	0.716495
8.6	0.71497
8.61	0.713421
8.62	0.711847
8.63	0.710248
8.64	0.708626
8.65	0.706979
8.66	0.70531
8.67	0.703616
8.68	0.7019
8.69	0.700161
8.7	0.6984
8.71	0.696616
8.72	0.69481
8.73	0.692981
8.74	0.691132
8.75	0.68926
8.76	0.687368
8.77	0.685454
8.78	0.683519
8.79	0.681564
8.8	0.679589
8.81	0.677593
8.82	0.675577
8.83	0.673541
8.84	0.671486
8.85	0.669411
8.86	0.667317
8.87	0.665204
8.88	0.663072
8.89	0.660921
8.9	0.658752
8.91	0.656564
8.92	0.654358
8.93	0.652135
8.94	0.649893
8.95	0.647635
8.96	0.645358
8.97	0.643065
8.98	0.640754
8.99	0.638426
9	0.636082
9.01	0.633721
9.02	0.631344
9.03	0.628951
9.04	0.626541
9.05	0.624116
9.06	0.621675
9.07	0.619218
9.08	0.616746
9.09	0.614258
9.1	0.611756
9.11	0.609238
9.12	0.606706
9.13	0.604159
9.14	0.601597
9.15	0.599021
9.16	0.596431
9.17	0.593827
9.18	0.591208
9.19	0.588576
9.2	0.58593
9.21	0.583271
9.22	0.580598
9.23	0.577912
9.24	0.575213
9.25	0.572501
9.26	0.569776
9.27	0.567038
9.28	0.564288
9.29	0.561525
9.3	0.55875
9.31	0.555962
9.32	0.553163
9.33	0.550351
9.34	0.547528
9.35	0.544692
9.36	0.541845
9.37	0.538987
9.38	0.536117
9.39	0.533236
9.4	0.530344
9.41	0.52744
9.42	0.524526
9.43	0.521601
9.44	0.518665
9.45	0.515718
9.46	0.512761
9.47	0.509793
9.48	0.506815
9.49	0.503827
9.5	0.500829
9.51	0.49782
9.52	0.494802
9.53	0.491774
9.54	0.488736
9.55	0.485689
9.56	0.482632
9.57	0.479566
9.58	0.47649
9.59	0.473405
9.6	0.470311
9.61	0.467208
9.62	0.464096
9.63	0.460975
9.64	0.457845
9.65	0.454707
9.66	0.45156
9.67	0.448404
9.68	0.44524
9.69	0.442068
9.7	0.438887
9.71	0.435698
9.72	0.432501
9.73	0.429296
9.74	0.426083
9.75	0.422863
9.76	0.419634
9.77	0.416398
9.78	0.413154
9.79	0.409902
9.8	0.406643
9.81	0.403377
9.82	0.400103
9.83	0.396822
9.84	0.393534
9.85	0.390238
9.86	0.386936
9.87	0.383626
9.88	0.38031
9.89	0.376987
9.9	0.373657
9.91	0.370321
9.92	0.366977
9.93	0.363628
9.94	0.360271
9.95	0.356909
9.96	0.35354
9.97	0.350164
9.98	0.346783
9.99	0.343395
10	0.340001
10.01	0.336601
10.02	0.333275
10.03	0.330022
10.04	0.326842
10.05	0.323733
10.06	0.320696
10.07	0.317729
10.08	0.314832
10.09	0.312004
10.1	0.309243
10.11	0.306551
10.12	0.303926
10.13	0.301366
10.14	0.298873
10.15	0.296444
10.16	0.294079
10.17	0.291779
10.18	0.289541
10.19	0.287365
10.2	0.285252
10.21	0.283199
10.22	0.281207
10.23	0.279275
10.24	0.277402
10.25	0.275588
10.26	0.273833
10.27	0.272134
10.28	0.270493
10.29	0.268908
10.3	0.267379
10.31	0.265905
10.32	0.264486
10.33	0.263121
10.34	0.26181
10.35	0.260552
10.36	0.259346
10.37	0.258193
10.38	0.257091
10.39	0.25604
10.4	0.25504
10.41	0.254089
10.42	0.253188
10.43	0.252336
10.44	0.251533
10.45	0.250778
10.46	0.25007
10.47	0.249409
10.48	0.248795
10.49	0.248227
10.5	0.247705
10.51	0.247228
10.52	0.246796
10.53	0.246408
10.54	0.246064
10.55	0.245763
10.56	0.245505
10.57	0.24529
10.58	0.245117
10.59	0.244986
10.6	0.244896
10.61	0.244847
10.62	0.244839
10.63	0.244871
10.64	0.244942
10.65	0.245052
10.66	0.245202
10.67	0.24539
10.68	0.245616
10.69	0.24588
10.7	0.246181
10.71	0.246519
10.72	0.246894
10.73	0.247305
10.74	0.247752
10.75	0.248234
10.76	0.248752
10.77	0.249305
10.78	0.249892
10.79	0.250513
10.8	0.251168
10.81	0.251856
10.82	0.252577
10.83	0.253331
10.84	0.254118
10.85	0.254937
10.86	0.255788
10.87	0.25667
10.88	0.257583
10.89	0.258527
10.9	0.259502
10.91	0.260507
10.92	0.261542
10.93	0.262606
10.94	0.2637
10.95	0.264823
10.96	0.265975
10.97	0.267155
10.98	0.268364
10.99	0.2696
11	0.270864
11.01	0.272156
11.02	0.273474
11.03	0.274819
11.04	0.276191
11.05	0.277589
11.06	0.279013
11.07	0.280463
11.08	0.281938
11.09	0.283439
11.1	0.284965
11.11	0.286515
11.12	0.28809
11.13	0.289689
11.14	0.291312
11.15	0.292959
11.16	0.294629
11.17	0.296323
11.18	0.29804
11.19	0.299779
11.2	0.301542
11.21	0.303326
11.22	0.305133
11.23	0.306962
11.24	0.308812
11.25	0.310684
11.26	0.312577
11.27	0.314491
11.28	0.316426
11.29	0.318382
11.3	0.320358
11.31	0.322355
11.32	0.324371
11.33	0.326407
11.34	0.328463
11.35	0.330539
11.36	0.332633
11.37	0.334747
11.38	0.33688
11.39	0.339031
11.4	0.3412
11.41	0.343388
11.42	0.345595
11.43	0.347819
11.44	0.35006
11.45	0.35232
11.46	0.354597
11.47	0.356891
11.48	0.359202
11.49	0.36153
11.5	0.363874
11.51	0.366236
11.52	0.368613
11.53	0.371007
11.54	0.373417
11.55	0.375843
11.56	0.378285
11.57	0.380742
11.58	0.383214
11.59	0.385702
11.6	0.388205
11.61	0.390723
11.62	0.393256
11.63	0.395803
11.64	0.398365
11.65	0.400942
11.66	0.403532
11.67	0.406137
11.68	0.408755
11.69	0.411388
11.7	0.414034
11.71	0.416694
11.72	0.419367
11.73	0.422053
11.74	0.424753
11.75	0.427465
11.76	0.43019
11.77	0.432928
11.78	0.435679
11.79	0.438442
11.8	0.441218
11.81	0.444006
11.82	0.446806
11.83	0.449618
11.84	0.452441
11.85	0.455277
11.86	0.458124
11.87	0.460983
11.88	0.463853
11.89	0.466735
11.9	0.469627
11.91	0.472531
11.92	0.475446
11.93	0.478371
11.94	0.481308
11.95	0.484255
11.96	0.487212
11.97	0.49018
11.98	0.493158
11.99	0.496146
12	0.499145
12.01	0.502154
12.02	0.505172
12.03	0.5082
12.04	0.511238
12.05	0.514286
12.06	0.517343
12.07	0.52041
12.08	0.523486
12.09	0.526571
12.1	0.529665
12.11	0.532768
12.12	0.535881
12.13	0.539002
12.14	0.542132
12.15	0.54527
12.16	0.548418
12.17	0.551574
12.18	0.554738
12.19	0.55791
12.2	0.561091
12.21	0.56428
12.22	0.567478
12.23	0.570683
12.24	0.573896
12.25	0.577117
12.26	0.580346
12.27	0.583582
12.28	0.586827
12.29	0.590078
12.3	0.593338
12.31	0.596604
12.32	0.599878
12.33	0.603159
12.34	0.606448
12.35	0.609743
12.36	0.613046
12.37	0.616355
12.38	0.619672
12.39	0.622995
12.4	0.626325
12.41	0.629662
12.42	0.633005
12.43	0.636355
12.44	0.639712
12.45	0.643075
12.46	0.646444
12.47	0.649819
12.48	0.653201
12.49	0.656589
12.5	0.659983
12.51	0.663383
12.52	0.66671
12.53	0.669963
12.54	0.673143
12.55	0.676251
12.56	0.679289
12.57	0.682256
12.58	0.685154
12.59	0.687982
12.6	0.690742
12.61	0.693435
12.62	0.69606
12.63	0.69862
12.64	0.701114
12.65	0.703542
12.66	0.705907
12.67	0.708208
12.68	0.710446
12.69	0.712621
12.7	0.714735
12.71	0.716788
12.72	0.71878
12.73	0.720712
12.74	0.722585
12.75	0.724399
12.76	0.726155
12.77	0.727854
12.78	0.729495
12.79	0.73108
12.8	0.732609
12.81	0.734083
12.82	0.735502
12.83	0.736867
12.84	0.738179
12.85	0.739437
12.86	0.740643
12.87	0.741796
12.88	0.742898
12.89	0.743949
12.9	0.74495
12.91	0.7459
12.92	0.746801
12.93	0.747653
12.94	0.748457
12.95	0.749212
12.96	0.74992
12.97	0.750581
12.98	0.751195
12.99	0.751763
13	0.752285
13.01	0.752763
13.02	0.753195
13.03	0.753583
13.04	0.753927
13.05	0.754228
13.06	0.754486
13.07	0.754701
13.08	0.754874
13.09	0.755005
13.1	0.755095
13.11	0.755144
13.12	0.755153
13.13	0.755121
13.14	0.75505
13.15	0.754939
13.16	0.75479
13.17	0.754602
13.18	0.754376
13.19	0.754112
13.2	0.753811
13.21	0.753473
13.22	0.753098
13.23	0.752687
13.24	0.75224
13.25	0.751758
13.26	0.75124
13.27	0.750688
13.28	0.750101
13.29	0.74948
13.3	0.748825
13.31	0.748137
13.32	0.747416
13.33	0.746662
13.34	0.745875
13.35	0.745056
13.36	0.744206
13.37	0.743324
13.38	0.74241
13.39	0.741466
13.4	0.740492
13.41	0.739487
13.42	0.738452
13.43	0.737387
13.44	0.736293
13.45	0.735171
13.46	0.734019
13.47	0.732839
13.48	0.73163
13.49	0.730394
13.5	0.72913
13.51	0.727839
13.52	0.72652
13.53	0.725175
13.54	0.723803
13.55	0.722405
13.56	0.720981
13.57	0.719531
13.58	0.718056
13.59	0.716556
13.6	0.71503
13.61	0.71348
13.62	0.711905
13.63	0.710306
13.64	0.708683
13.65	0.707036
13.66	0.705366
13.67	0.703672
13.68	0.701955
13.69	0.700216
13.7	0.698454
13.71	0.696669
13.72	0.694862
13.73	0.693034
13.74	0.691183
13.75	0.689312
13.76	0.687418
13.77	0.685504
13.78	0.683569
13.79	0.681614
13.8	0.679637
13.81	0.677641
13.82	0.675625
13.83	0.673588
13.84	0.671532
13.85	0.669457
13.86	0.667363
13.87	0.665249
13.88	0.663116
13.89	0.660965
13.9	0.658796
13.91	0.656608
13.92	0.654402
13.93	0.652178
13.94	0.649936
13.95	0.647676
13.96	0.6454
13.97	0.643106
13.98	0.640795
13.99	0.638467
14	0.636122
14.01	0.633761
14.02	0.631383
14.03	0.628989
14.04	0.62658
14.05	0.624154
14.06	0.621712
14.07	0.619255
14.08	0.616783
14.09	0.614295
14.1	0.611792
14.11	0.609274
14.12	0.606741
14.13	0.604194
14.14	0.601632
14.15	0.599055
14.16	0.596465
14.17	0.59386
14.18	0.591242
14.19	0.588609
14.2	0.585963
14.21	0.583303
14.22	0.58063
14.23	0.577944
14.24	0.575245
14.25	0.572532
14.26	0.569807
14.27	0.567069
14.28	0.564318
14.29	0.561555
14.3	0.558779
14.31	0.555992
14.32	0.553192
14.33	0.55038
14.34	0.547556
14.35	0.54472
14.36	0.541873
14.37	0.539015
14.38	0.536144
14.39	0.533263
14.4	0.53037
14.41	0.527467
14.42	0.524552
14.43	0.521626
14.44	0.51869
14.45	0.515743
14.46	0.512786
14.47	0.509818
14.48	0.50684
14.49	0.503851
14.5	0.500853
14.51	0.497844
14.52	0.494826
14.53	0.491798
14.54	0.48876
14.55	0.485712
14.56	0.482655
14.57	0.479588
14.58	0.476513
14.59	0.473427
14.6	0.470333
14.61	0.46723
14.62	0.464118
14.63	0.460996
14.64	0.457866
14.65	0.454728
14.66	0.45158
14.67	0.448425
14.68	0.44526
14.69	0.442088
14.7	0.438907
14.71	0.435718
14.72	0.432521
14.73	0.429315
14.74	0.426102
14.75	0.422881
14.76	0.419652
14.77	0.416416
14.78	0.413172
14.79	0.40992
14.8	0.406661
14.81	0.403394
14.82	0.40012
14.83	0.396839
14.84	0.393551
14.85	0.390255
14.86	0.386953
14.87	0.383643
14.88	0.380327
14.89	0.377003
14.9	0.373673
14.91	0.370337
14.92	0.366993
14.93	0.363643
14.94	0.360287
14.95	0.356924
14.96	0.353555
14.97	0.350179
14.98	0.346798
14.99	0.34341
15	0.340015
15.01	0.336615
15.02	0.333289
15.03	0.330036
15.04	0.326856
15.05	0.323747
15.06	0.32071
15.07	0.317743
15.08	0.314845
15.09	0.312017
15.1	0.309257
15.11	0.306564
15.12	0.303938
15.13	0.301379
15.14	0.298885
15.15	0.296456
15.16	0.294092
15.17	0.291791
15.18	0.289553
15.19	0.287378
15.2	0.285264
15.21	0.283211
15.22	0.281219
15.23	0.279287
15.24	0.277414
15.25	0.2756
15.26	0.273844
15.27	0.272145
15.28	0.270504
15.29	0.268919
15.3	0.26739
15.31	0.265916
15.32	0.264497
15.33	0.263132
15.34	0.26182
15.35	0.260562
15.36	0.259356
15.37	0.258203
15.38	0.257101
15.39	0.25605
15.4	0.255049
15.41	0.254099
15.42	0.253198
15.43	0.252346
15.44	0.251542
15.45	0.250787
15.46	0.250079
15.47	0.249418
15.48	0.248804
15.49	0.248236
15.5	0.247714
15.51	0.247237
15.52	0.246804
15.53	0.246416
15.54	0.246072
15.55	0.245771
15.56	0.245514
15.57	0.245298
15.58	0.245126
15.59	0.244994
15.6	0.244904
15.61	0.244855
15.62	0.244847
15.63	0.244878
15.64	0.244949
15.65	0.24506
15.66	0.245209
15.67	0.245397
15.68	0.245623
15.69	0.245887
15.7	0.246188
15.71	0.246526
15.72	0.246901
15.73	0.247312
15.74	0.247759
15.75	0.248241
15.76	0.248759
15.77	0.249311
15.78	0.249898
15.79	0.250519
15.8	0.251174
15.81	0.251862
15.82	0.252584
15.83	0.253338
15.84	0.254124
15.85	0.254943
15.86	0.255794
15.87	0.256676
15.88	0.257589
15.89	0.258533
15.9	0.259508
15.91	0.260513
15.92	0.261548
15.93	0.262612
15.94	0.263706
15.95	0.264829
15.96	0.265981
15.97	0.267161
15.98	0.268369
15.99	0.269606
16	0.27087
16.01	0.272161
16.02	0.273479
16.03	0.274824
16.04	0.276196
16.05	0.277594
16.06	0.279018
16.07	0.280468
16.08	0.281943
16.09	0.283444
16.1	0.28497
16.11	0.28652
16.12	0.288095
16.13	0.289694
16.14	0.291317
16.15	0.292964
16.16	0.294634
16.17	0.296328
16.18	0.298044
16.19	0.299784
16.2	0.301546
16.21	0.303331
16.22	0.305137
16.23	0.306966
16.24	0.308816
16.25	0.310688
16.26	0.312581
16.27	0.314495
16.28	0.31643
16.29	0.318386
16.3	0.320362
16.31	0.322359
16.32	0.324375
16.33	0.326411
16.34	0.328467
16.35	0.330542
16.36	0.332637
16.37	0.334751
16.38	0.336883
16.39	0.339034
16.4	0.341204
16.41	0.343392
16.42	0.345598
16.43	0.347822
16.44	0.350064
16.45	0.352323
16.46	0.3546
16.47	0.356894
16.48	0.359205
16.49	0.361533
16.5	0.363878
16.51	0.366239
16.52	0.368616
16.53	0.37101
16.54	0.37342
16.55	0.375846
16.56	0.378288
16.57	0.380745
16.58	0.383217
16.59	0.385705
16.6	0.388208
16.61	0.390726
16.62	0.393259
16.63	0.395806
16.64	0.398368
16.65	0.400944
16.66	0.403535
16.67	0.40614
16.68	0.408758
16.69	0.411391
16.7	0.414037
16.71	0.416696
16.72	0.419369
16.73	0.422056
16.74	0.424755
16.75	0.427467
16.76	0.430193
16.77	0.432931
16.78	0.435682
16.79	0.438445
16.8	0.44122
16.81	0.444008
16.82	0.446808
16.83	0.44962
16.84	0.452444
16.85	0.455279
16.86	0.458127
16.87	0.460985
16.88	0.463855
16.89	0.466737
16.9	0.469629
16.91	0.472533
16.92	0.475448
16.93	0.478373
16.94	0.48131
16.95	0.484257
16.96	0.487214
16.97	0.490182
16.98	0.49316
16.99	0.496148
17	0.499147
17.01	0.502155
17.02	0.505174
17.03	0.508202
17.04	0.51124
17.05	0.514288
17.06	0.517345
17.07	0.520411
17.08	0.523487
17.09	0.526572
17.1	0.529667
17.11	0.53277
17.12	0.535882
17.13	0.539003
17.14	0.542133
17.15	0.545272
17.16	0.548419
17.17	0.551575
17.18	0.554739
17.19	0.557912
17.2	0.561093
17.21	0.564282
17.22	0.567479
17.23	0.570684
17.24	0.573898
17.25	0.577119
17.26	0.580347
17.27	0.583584
17.28	0.586828
17.29	0.59008
17.3	0.593339
17.31	0.596606
17.32	0.59988
17.33	0.603161
17.34	0.606449
17.35	0.609745
17.36	0.613047
17.37	0.616357
17.38	0.619673
17.39	0.622996
17.4	0.626326
17.41	0.629663
17.42	0.633007
17.43	0.636356
17.44	0.639713
17.45	0.643076
17.46	0.646445
17.47	0.649821
17.48	0.653202
17.49	0.65659
17.5	0.659984
17.51	0.663385
17.52	0.666711
17.53	0.669964
17.54	0.673144
17.55	0.676253
17.56	0.67929
17.57	0.682257
17.58	0.685155
17.59	0.687983
17.6	0.690743
17.61	0.693436
17.62	0.696061
17.63	0.698621
17.64	0.701115
17.65	0.703543
17.66	0.705908
17.67	0.708209
17.68	0.710447
17.69	0.712622
17.7	0.714736
17.71	0.716789
17.72	0.718781
17.73	0.720713
17.74	0.722586
17.75	0.7244
17.76	0.726156
17.77	0.727855
17.78	0.729496
17.79	0.731081
17.8	0.73261
17.81	0.734084
17.82	0.735503
17.83	0.736868
17.84	0.73818
17.85	0.739438
17.86	0.740643
17.87	0.741797
17.88	0.742899
17.89	0.74395
17.9	0.744951
17.91	0.745901
17.92	0.746802
17.93	0.747654
17.94	0.748457
17.95	0.749213
17.96	0.749921
17.97	0.750582
17.98	0.751196
17.99	0.751764
18	0.752286
18.01	0.752763
18.02	0.753196
18.03	0.753584
18.04	0.753928
18.05	0.754229
18.06	0.754486
18.07	0.754701
18.08	0.754874
18.09	0.755006
18.1	0.755096
18.11	0.755145
18.12	0.755153
18.13	0.755122
18.14	0.75505
18.15	0.75494
18.16	0.754791
18.17	0.754603
18.18	0.754377
18.19	0.754113
18.2	0.753812
18.21	0.753474
18.22	0.753099
18.23	0.752688
18.24	0.752241
18.25	0.751759
18.26	0.751241
18.27	0.750689
18.28	0.750102
18.29	0.749481
18.3	0.748826
18.31	0.748138
18.32	0.747416
18.33	0.746662
18.34	0.745876
18.35	0.745057
18.36	0.744206
18.37	0.743324
18.38	0.742411
18.39	0.741467
18.4	0.740492
18.41	0.739487
18.42	0.738452
18.43	0.737388
18.44	0.736294
18.45	0.735171
18.46	0.734019
18.47	0.732839
18.48	0.731631
18.49	0.730394
18.5	0.72913
18.51	0.727839
18.52	0.726521
18.53	0.725176
18.54	0.723804
18.55	0.722406
18.56	0.720982
18.57	0.719532
18.58	0.718057
18.59	0.716556
18.6	0.71503
18.61	0.71348
18.62	0.711905
18.63	0.710306
18.64	0.708683
18.65	0.707036
18.66	0.705366
18.67	0.703672
18.68	0.701956
18.69	0.700216
18.7	0.698454
18.71	0.696669
18.72	0.694863
18.73	0.693034
18.74	0.691184
18.75	0.689312
18.76	0.687419
18.77	0.685505
18.78	0.68357
18.79	0.681614
18.8	0.679638
18.81	0.677641
18.82	0.675625
18.83	0.673589
18.84	0.671533
18.85	0.669457
18.86	0.667363
18.87	0.665249
18.88	0.663117
18.89	0.660966
18.9	0.658796
18.91	0.656608
18.92	0.654402
18.93	0.652178
18.94	0.649936
18.95	0.647677
18.96	0.6454
18.97	0.643106
18.98	0.640795
18.99	0.638467
19	0.636122
19.01	0.633761
19.02	0.631384
19.03	0.62899
19.04	0.62658
19.05	0.624154
19.06	0.621712
19.07	0.619255
19.08	0.616783
19.09	0.614295
19.1	0.611792
19.11	0.609274
19.12	0.606741
19.13	0.604194
19.14	0.601632
19.15	0.599056
19.16	0.596465
19.17	0.59386
19.18	0.591242
19.19	0.588609
19.2	0.585963
19.21	0.583304
19.22	0.580631
19.23	0.577944
19.24	0.575245
19.25	0.572532
19.26	0.569807
19.27	0.567069
19.28	0.564318
19.29	0.561555
19.3	0.55878
19.31	0.555992
19.32	0.553192
19.33	0.55038
19.34	0.547556
19.35	0.544721
19.36	0.541873
19.37	0.539015
19.38	0.536145
19.39	0.533263
19.4	0.530371
19.41	0.527467
19.42	0.524552
19.43	0.521627
19.44	0.51869
19.45	0.515743
19.46	0.512786
19.47	0.509818
19.48	0.50684
19.49	0.503852
19.5	0.500853
19.51	0.497845
19.52	0.494826
19.53	0.491798
19.54	0.48876
19.55	0.485712
19.56	0.482655
19.57	0.479589
19.58	0.476513
19.59	0.473428
19.6	0.470333
19.61	0.46723
19.62	0.464118
19.63	0.460997
19.64	0.457867
19.65	0.454728
19.66	0.451581
19.67	0.448425
19.68	0.445261
19.69	0.442088
19.7	0.438907
19.71	0.435718
19.72	0.432521
19.73	0.429316
19.74	0.426102
19.75	0.422881
19.76	0.419653
19.77	0.416416
19.78	0.413172
19.79	0.40992
19.8	0.406661
19.81	0.403394
19.82	0.40012
19.83	0.396839
19.84	0.393551
19.85	0.390255
19.86	0.386953
19.87	0.383643
19.88	0.380327
19.89	0.377004
19.9	0.373674
19.91	0.370337
19.92	0.366993
19.93	0.363644
19.94	0.360287
19.95	0.356924
19.96	0.353555
19.97	0.350179
19.98	0.346798
19.99	0.34341
