0	0
0.01	0
0.02	0
0.03	0
0.04	0
0.05	0
0.06	0
0.07	0
0.08	0
0.09	0
0.1	0
0.11	0.005
0.12	0.0149002
0.13	0.024702
0.14	0.0344062
0.15	0.0440139
0.16	0.0535259
0.17	0.0629433
0.18	0.0722671
0.19	0.081498
0.2	0.0906371
0.21	0.0996853
0.22	0.108643
0.23	0.117512
0.24	0.126293
0.25	0.134987
0.26	0.143593
0.27	0.152115
0.28	0.160551
0.29	0.168904
0.3	0.177173
0.31	0.18536
0.32	0.193466
0.33	0.201491
0.34	0.209436
0.35	0.217302
0.36	0.22509
0.37	0.2328
0.38	0.240434
0.39	0.247992
0.4	0.255474
0.41	0.262882
0.42	0.270216
0.43	0.277478
0.44	0.284667
0.45	0.291784
0.46	0.298831
0.47	0.305808
0.48	0.312715
0.49	0.319554
0.5	0.326324
0.51	0.333027
0.52	0.339663
0.53	0.346234
0.54	0.352739
0.55	0.359179
0.56	0.365555
0.57	0.371868
0.58	0.378118
0.59	0.384306
0.6	0.390432
0.61	0.396497
0.62	0.402502
0.63	0.408447
0.64	0.414333
0.65	0.42016
0.66	0.42593
0.67	0.431642
0.68	0.437297
0.69	0.442896
0.7	0.448439
0.71	0.453927
0.72	0.45936
0.73	0.46474
0.74	0.470066
0.75	0.475338
0.76	0.480559
0.77	0.485727
0.78	0.490844
0.79	0.49591
0.8	0.500926
0.81	0.505892
0.82	0.510808
0.83	0.515676
0.84	0.520495
0.85	0.525266
0.86	0.529989
0.87	0.534666
0.88	0.539296
0.89	0.54388
0.9	0.548418
0.91	0.552912
0.92	0.55736
0.93	0.561764
0.94	0.566125
0.95	0.570442
0.96	0.574716
0.97	0.578948
0.98	0.583137
0.99	0.587285
1	0.591391
1.01	0.595457
1.02	0.599482
1.03	0.603467
1.04	0.607413
1.05	0.611319
1.06	0.615187
1.07	0.619015
1.08	0.622806
1.09	0.626559
1.1	0.630275
1.11	0.633954
1.12	0.637596
1.13	0.641202
1.14	0.644772
1.15	0.648306
1.16	0.651806
1.17	0.65527
1.18	0.6587
1.19	0.662096
1.2	0.665458
1.21	0.668787
1.22	0.672082
1.23	0.675345
1.24	0.678576
1.25	0.681774
1.26	0.68494
1.27	0.688075
1.28	0.691179
1.29	0.694251
1.3	0.697294
1.31	0.700306
1.32	0.703288
1.33	0.70624
1.34	0.709163
1.35	0.712057
1.36	0.714922
1.37	0.717758
1.38	0.720566
1.39	0.723347
1.4	0.726099
1.41	0.728825
1.42	0.731523
1.43	0.734194
1.44	0.736839
1.45	0.739458
1.46	0.74205
1.47	0.744617
1.48	0.747158
1.49	0.749673
1.5	0.752164
1.51	0.75463
1.52	0.757071
1.53	0.759489
1.54	0.761882
1.55	0.764251
1.56	0.766597
1.57	0.768919
1.58	0.771218
1.59	0.773495
1.6	0.775748
1.61	0.77798
1.62	0.780189
1.63	0.782376
1.64	0.784541
1.65	0.786685
1.66	0.788808
1.67	0.790909
1.68	0.792989
1.69	0.795049
1.7	0.797088
1.71	0.799107
1.72	0.801106
1.73	0.803085
1.74	0.805045
1.75	0.806984
1.76	0.808905
1.77	0.810806
1.78	0.812689
1.79	0.814553
1.8	0.816398
1.81	0.818225
1.82	0.820033
1.83	0.821824
1.84	0.823597
1.85	0.825352
1.86	0.82709
1.87	0.82881
1.88	0.830513
1.89	0.8322
1.9	0.833869
1.91	0.835522
1.92	0.837159
1.93	0.838779
1.94	0.840383
1.95	0.841972
1.96	0.843544
1.97	0.845101
1.98	0.846642
1.99	0.848168
2	0.849679
2.01	0.851174
2.02	0.852655
2.03	0.854121
2.04	0.855573
2.05	0.85701
2.06	0.858433
2.07	0.859841
2.08	0.861236
2.09	0.862616
2.1	0.863983
2.11	0.865337
2.12	0.866677
2.13	0.868003
2.14	0.869317
2.15	0.870617
2.16	0.871904
2.17	0.873179
2.18	0.874441
2.19	0.87569
2.2	0.876927
2.21	0.878151
2.22	0.879364
2.23	0.880564
2.24	0.881753
2.25	0.882929
2.26	0.884094
2.27	0.885247
2.28	0.886389
2.29	0.887519
2.3	0.888639
2.31	0.889747
2.32	0.890844
2.33	0.89193
2.34	0.893005
2.35	0.89407
2.36	0.895124
2.37	0.896167
2.38	0.8972
2.39	0.898223
2.4	0.899236
2.41	0.900239
2.42	0.901231
2.43	0.902214
2.44	0.903187
2.45	0.90415
2.46	0.905104
2.47	0.906048
2.48	0.906983
2.49	0.907909
2.5	0.908825
2.51	0.909732
2.52	0.91063
2.53	0.911519
2.54	0.9124
2.55	0.913271
2.56	0.914134
2.57	0.914989
2.58	0.915835
2.59	0.916672
2.6	0.917501
2.61	0.918322
2.62	0.919135
2.63	0.919939
2.64	0.920736
2.65	0.921525
2.66	0.922305
2.67	0.923079
2.68	0.923844
2.69	0.924602
2.7	0.925352
2.71	0.926095
2.72	0.92683
2.73	0.927558
2.74	0.928279
2.75	0.928992
2.76	0.929699
2.77	0.930399
2.78	0.931091
2.79	0.931777
2.8	0.932456
2.81	0.933128
2.82	0.933793
2.83	0.934452
2.84	0.935104
2.85	0.93575
2.86	0.936389
2.87	0.937022
2.88	0.937648
2.89	0.938269
2.9	0.938883
2.91	0.939491
2.92	0.940093
2.93	0.940689
2.94	0.941279
2.95	0.941864
2.96	0.942442
2.97	0.943015
2.98	0.943582
2.99	0.944143
3	0.944699
3.01	0.945249
3.02	0.945794
3.03	0.946333
3.04	0.946867
3.05	0.947396
3.06	0.947919
3.07	0.948438
3.08	0.948951
3.09	0.949459
3.1	0.949962
3.11	0.950459
3.12	0.950952
3.13	0.95144
3.14	0.951924
3.15	0.952402
3.16	0.952876
3.17	0.953344
3.18	0.953809
3.19	0.954268
3.2	0.954723
3.21	0.955174
3.22	0.95562
3.23	0.956061
3.24	0.956499
3.25	0.956931
3.26	0.95736
3.27	0.957784
3.28	0.958204
3.29	0.95862
3.3	0.959032
3.31	0.95944
3.32	0.959843
3.33	0.960243
3.34	0.960638
3.35	0.96103
3.36	0.961418
3.37	0.961802
3.38	0.962182
3.39	0.962558
3.4	0.962931
3.41	0.963299
3.42	0.963665
3.43	0.964026
3.44	0.964384
3.45	0.964738
3.46	0.965089
3.47	0.965437
3.48	0.965781
3.49	0.966121
3.5	0.966458
3.51	0.966792
3.52	0.967122
3.53	0.967449
3.54	0.967773
3.55	0.968094
3.56	0.968411
3.57	0.968726
3.58	0.969037
3.59	0.969345
3.6	0.96965
3.61	0.969952
3.62	0.970251
3.63	0.970547
3.64	0.97084
3.65	0.97113
3.66	0.971417
3.67	0.971702
3.68	0.971983
3.69	0.972262
3.7	0.972538
3.71	0.972811
3.72	0.973082
3.73	0.97335
3.74	0.973615
3.75	0.973877
3.76	0.974137
3.77	0.974395
3.78	0.974649
3.79	0.974902
3.8	0.975151
3.81	0.975399
3.82	0.975644
3.83	0.975886
3.84	0.976126
3.85	0.976363
3.86	0.976599
3.87	0.976831
3.88	0.977062
3.89	0.97729
3.9	0.977516
3.91	0.97774
3.92	0.977961
3.93	0.978181
3.94	0.978398
3.95	0.978613
3.96	0.978825
3.97	0.979036
3.98	0.979245
3.99	0.979451
4	0.979656
4.01	0.979858
4.02	0.980058
4.03	0.980257
4.04	0.980453
4.05	0.980648
4.06	0.98084
4.07	0.981031
4.08	0.98122
4.09	0.981407
4.1	0.981592
4.11	0.981775
4.12	0.981956
4.13	0.982136
4.14	0.982313
4.15	0.982489
4.16	0.982664
4.17	0.982836
4.18	0.983007
4.19	0.983176
4.2	0.983343
4.21	0.983509
4.22	0.983673
4.23	0.983836
4.24	0.983996
4.25	0.984156
4.26	0.984313
4.27	0.984469
4.28	0.984624
4.29	0.984777
4.3	0.984928
4.31	0.985078
4.32	0.985227
4.33	0.985374
4.34	0.985519
4.35	0.985663
4.36	0.985806
4.37	0.985947
4.38	0.986087
4.39	0.986226
4.4	0.986363
4.41	0.986498
4.42	0.986633
4.43	0.986766
4.44	0.986897
4.45	0.987028
4.46	0.987157
4.47	0.987285
4.48	0.987411
4.49	0.987536
4.5	0.98766
4.51	0.987783
4.52	0.987905
4.53	0.988025
4.54	0.988144
4.55	0.988262
4.56	0.988379
4.57	0.988495
4.58	0.988609
4.59	0.988722
4.6	0.988835
4.61	0.988946
4.62	0.989056
4.63	0.989165
4.64	0.989272
4.65	0.989379
4.66	0.989485
4.67	0.98959
4.68	0.989693
4.69	0.989796
4.7	0.989897
4.71	0.989998
4.72	0.990097
4.73	0.990196
4.74	0.990293
4.75	0.99039
4.76	0.990485
4.77	0.99058
4.78	0.990674
4.79	0.990767
4.8	0.990858
4.81	0.990949
4.82	0.99104
4.83	0.991129
4.84	0.991217
4.85	0.991304
4.86	0.991391
4.87	0.991477
4.88	0.991561
4.89	0.991645
4.9	0.991728
4.91	0.991811
4.92	0.991892
4.93	0.991973
4.94	0.992053
4.95	0.992132
4.96	0.99221
4.97	0.992288
4.98	0.992364
4.99	0.99244
5	0.992516
5.01	0.99259
5.02	0.992664
5.03	0.992737
5.04	0.992809
5.05	0.992881
5.06	0.992951
5.07	0.993021
5.08	0.993091
5.09	0.99316
5.1	0.993228
5.11	0.993295
5.12	0.993362
5.13	0.993428
5.14	0.993493
5.15	0.993558
5.16	0.993622
5.17	0.993686
5.18	0.993748
5.19	0.993811
5.2	0.993872
5.21	0.993933
5.22	0.993994
5.23	0.994053
5.24	0.994112
5.25	0.994171
5.26	0.994229
5.27	0.994286
5.28	0.994343
5.29	0.9944
5.3	0.994455
5.31	0.994511
5.32	0.994565
5.33	0.994619
5.34	0.994673
5.35	0.994726
5.36	0.994778
5.37	0.99483
5.38	0.994882
5.39	0.994932
5.4	0.994983
5.41	0.995033
5.42	0.995082
5.43	0.995131
5.44	0.99518
5.45	0.995228
5.46	0.995275
5.47	0.995322
5.48	0.995369
5.49	0.995415
5.5	0.99546
5.51	0.995506
5.52	0.99555
5.53	0.995595
5.54	0.995638
5.55	0.995682
5.56	0.995725
5.57	0.995767
5.58	0.995809
5.59	0.995851
5.6	0.995892
5.61	0.995933
5.62	0.995974
5.63	0.996014
5.64	0.996054
5.65	0.996093
5.66	0.996132
5.67	0.99617
5.68	0.996208
5.69	0.996246
5.7	0.996283
5.71	0.99632
5.72	0.996357
5.73	0.996393
5.74	0.996429
5.75	0.996465
5.76	0.9965
5.77	0.996535
5.78	0.996569
5.79	0.996603
5.8	0.996637
5.81	0.99667
5.82	0.996704
5.83	0.996736
5.84	0.996769
5.85	0.996801
5.86	0.996833
5.87	0.996864
5.88	0.996895
5.89	0.996926
5.9	0.996957
5.91	0.996987
5.92	0.997017
5.93	0.997047
5.94	0.997076
5.95	0.997105
5.96	0.997134
5.97	0.997163
5.98	0.997191
5.99	0.997219
6	0.997247
6.01	0.997274
6.02	0.997301
6.03	0.997328
6.04	0.997355
6.05	0.997381
6.06	0.997407
6.07	0.997433
6.08	0.997458
6.09	0.997484
6.1	0.997509
6.11	0.997533
6.12	0.997558
6.13	0.997582
6.14	0.997606
6.15	0.99763
6.16	0.997654
6.17	0.997677
6.18	0.9977
6.19	0.997723
6.2	0.997746
6.21	0.997768
6.22	0.99779
6.23	0.997812
6.24	0.997834
6.25	0.997856
6.26	0.997877
6.27	0.997898
6.28	0.997919
6.29	0.99794
6.3	0.99796
6.31	0.997981
6.32	0.998001
6.33	0.998021
6.34	0.99804
6.35	0.99806
6.36	0.998079
6.37	0.998098
6.38	0.998117
6.39	0.998136
6.4	0.998154
6.41	0.998173
6.42	0.998191
6.43	0.998209
6.44	0.998227
6.45	0.998244
6.46	0.998262
6.47	0.998279
6.48	0.998296
6.49	0.998313
6.5	0.99833
6.51	0.998347
6.52	0.998363
6.53	0.998379
6.54	0.998395
6.55	0.998411
6.56	0.998427
6.57	0.998443
6.58	0.998458
6.59	0.998474
6.6	0.998489
6.61	0.998504
6.62	0.998519
6.63	0.998534
6.64	0.998548
6.65	0.998563
6.66	0.998577
6.67	0.998591
6.68	0.998605
6.69	0.998619
6.7	0.998633
6.71	0.998646
6.72	0.99866
6.73	0.998673
6.74	0.998686
6.75	0.998699
6.76	0.998712
6.77	0.998725
6.78	0.998738
6.79	0.99875
6.8	0.998763
6.81	0.998775
6.82	0.998787
6.83	0.998799
6.84	0.998811
6.85	0.998823
6.86	0.998835
6.87	0.998846
6.88	0.998858
6.89	0.998869
6.9	0.998881
6.91	0.998892
6.92	0.998903
6.93	0.998914
6.94	0.998924
6.95	0.998935
6.96	0.998946
6.97	0.998956
6.98	0.998967
6.99	0.998977
7	0.998987
7.01	0.998997
7.02	0.999007
7.03	0.999017
7.04	0.999027
7.05	0.999036
7.06	0.999046
7.07	0.999056
7.08	0.999065
7.09	0.999074
7.1	0.999084
7.11	0.999093
7.12	0.999102
7.13	0.999111
7.14	0.999119
7.15	0.999128
7.16	0.999137
7.17	0.999145
7.18	0.999154
7.19	0.999162
7.2	0.999171
7.21	0.999179
7.22	0.999187
7.23	0.999195
7.24	0.999203
7.25	0.999211
7.26	0.999219
7.27	0.999227
7.28	0.999234
7.29	0.999242
7.3	0.99925
7.31	0.999257
7.32	0.999264
7.33	0.999272
7.34	0.999279
7.35	0.999286
7.36	0.999293
7.37	0.9993
7.38	0.999307
7.39	0.999314
7.4	0.999321
7.41	0.999328
7.42	0.999334
7.43	0.999341
7.44	0.999348
7.45	0.999354
7.46	0.999361
7.47	0.999367
7.48	0.999373
7.49	0.99938
7.5	0.999386
7.51	0.999392
7.52	0.999398
7.53	0.999404
7.54	0.99941
7.55	0.999416
7.56	0.999422
7.57	0.999427
7.58	0.999433
7.59	0.999439
7.6	0.999444
7.61	0.99945
7.62	0.999455
7.63	0.999461
7.64	0.999466
7.65	0.999471
7.66	0.999477
7.67	0.999482
7.68	0.999487
7.69	0.999492
7.7	0.999497
7.71	0.999502
7.72	0.999507
7.73	0.999512
7.74	0.999517
7.75	0.999522
7.76	0.999527
7.77	0.999531
7.78	0.999536
7.79	0.99954
7.8	0.999545
7.81	0.99955
7.82	0.999554
7.83	0.999558
7.84	0.999563
7.85	0.999567
7.86	0.999572
7.87	0.999576
7.88	0.99958
7.89	0.999584
7.9	0.999588
7.91	0.999592
7.92	0.999596
7.93	0.9996
7.94	0.999604
7.95	0.999608
7.96	0.999612
7.97	0.999616
7.98	0.99962
7.99	0.999624
8	0.999627
8.01	0.999631
8.02	0.999635
8.03	0.999638
8.04	0.999642
8.05	0.999646
8.06	0.999649
8.07	0.999653
8.08	0.999656
8.09	0.99966
8.1	0.999663
8.11	0.999666
8.12	0.99967
8.13	0.999673
8.14	0.999676
8.15	0.999679
8.16	0.999683
8.17	0.999686
8.18	0.999689
8.19	0.999692
8.2	0.999695
8.21	0.999698
8.22	0.999701
8.23	0.999704
8.24	0.999707
8.25	0.99971
8.26	0.999713
8.27	0.999716
8.28	0.999718
8.29	0.999721
8.3	0.999724
8.31	0.999727
8.32	0.999729
8.33	0.999732
8.34	0.999735
8.35	0.999737
8.36	0.99974
8.37	0.999743
8.38	0.999745
8.39	0.999748
8.4	0.99975
8.41	0.999753
8.42	0.999755
8.43	0.999758
8.44	0.99976
8.45	0.999762
8.46	0.999765
8.47	0.999767
8.48	0.999769
8.49	0.999772
8.5	0.999774
8.51	0.999776
8.52	0.999778
8.53	0.999781
8.54	0.999783
8.55	0.999785
8.56	0.999787
8.57	0.999789
8.58	0.999791
8.59	0.999793
8.6	0.999795
8.61	0.999798
8.62	0.9998
8.63	0.999802
8.64	0.999803
8.65	0.999805
8.66	0.999807
8.67	0.999809
8.68	0.999811
8.69	0.999813
8.7	0.999815
8.71	0.999817
8.72	0.999819
8.73	0.99982
8.74	0.999822
8.75	0.999824
8.76	0.999826
8.77	0.999827
8.78	0.999829
8.79	0.999831
8.8	0.999833
8.81	0.999834
8.82	0.999836
8.83	0.999838
8.84	0.999839
8.85	0.999841
8.86	0.999842
8.87	0.999844
8.88	0.999845
8.89	0.999847
8.9	0.999849
8.91	0.99985
8.92	0.999852
8.93	0.999853
8.94	0.999855
8.95	0.999856
8.96	0.999857
8.97	0.999859
8.98	0.99986
8.99	0.999862
9	0.999863
9.01	0.999864
9.02	0.999866
9.03	0.999867
9.04	0.999868
9.05	0.99987
9.06	0.999871
9.07	0.999872
9.08	0.999874
9.09	0.999875
9.1	0.999876
9.11	0.999877
9.12	0.999878
9.13	0.99988
9.14	0.999881
9.15	0.999882
9.16	0.999883
9.17	0.999884
9.18	0.999885
9.19	0.999887
9.2	0.999888
9.21	0.999889
9.22	0.99989
9.23	0.999891
9.24	0.999892
9.25	0.999893
9.26	0.999894
9.27	0.999895
9.28	0.999896
9.29	0.999897
9.3	0.999898
9.31	0.999899
9.32	0.9999
9.33	0.999901
9.34	0.999902
9.35	0.999903
9.36	0.999904
9.37	0.999905
9.38	0.999906
9.39	0.999907
9.4	0.999908
9.41	0.999909
9.42	0.99991
9.43	0.999911
9.44	0.999912
9.45	0.999913
9.46	0.999913
9.47	0.999914
9.48	0.999915
9.49	0.999916
9.5	0.999917
9.51	0.999918
9.52	0.999918
9.53	0.999919
9.54	0.99992
9.55	0.999921
9.56	0.999922
9.57	0.999922
9.58	0.999923
9.59	0.999924
9.6	0.999925
9.61	0.999925
9.62	0.999926
9.63	0.999927
9.64	0.999928
9.65	0.999928
9.66	0.999929
9.67	0.99993
9.68	0.999931
9.69	0.999931
9.7	0.999932
9.71	0.999933
9.72	0.999933
9.73	0.999934
9.74	0.999934
9.75	0.999935
9.76	0.999936
9.77	0.999936
9.78	0.999937
9.79	0.999938
9.8	0.999938
9.81	0.999939
9.82	0.99994
9.83	0.99994
9.84	0.999941
9.85	0.999941
9.86	0.999942
9.87	0.999942
9.88	0.999943
9.89	0.999944
9.9	0.999944
9.91	0.999945
9.92	0.999945
9.93	0.999946
9.94	0.999946
9.95	0.999947
9.96	0.999947
9.97	0.999948
9.98	0.999948
9.99	0.999949
