0	0
0.01	4.99992e-05
0.02	0.000199987
0.03	0.000449932
0.04	0.000799787
0.05	0.00124948
0.06	0.00179892
0.07	0.002448
0.08	0.00319659
0.09	0.00404454
0.1	0.00499167
0.11	0.00603781
0.12	0.00718274
0.13	0.00842622
0.14	0.00976803
0.15	0.0112079
0.16	0.0127455
0.17	0.0143805
0.18	0.0161127
0.19	0.0179417
0.2	0.019867
0.21	0.0218884
0.22	0.0240054
0.23	0.0262176
0.24	0.0285246
0.25	0.0309258
0.26	0.0334209
0.27	0.0360093
0.28	0.0386905
0.29	0.0414639
0.3	0.044329
0.31	0.0472853
0.32	0.0503321
0.33	0.0534689
0.34	0.0566949
0.35	0.0600096
0.36	0.0634124
0.37	0.0669024
0.38	0.070479
0.39	0.0741416
0.4	0.0778893
0.41	0.0817214
0.42	0.0856372
0.43	0.0896359
0.44	0.0937166
0.45	0.0978786
0.46	0.102121
0.47	0.106443
0.48	0.110844
0.49	0.115322
0.5	0.119878
0.51	0.124509
0.52	0.129216
0.53	0.133997
0.54	0.13885
0.55	0.143777
0.56	0.148774
0.57	0.153842
0.58	0.158979
0.59	0.164184
0.6	0.169456
0.61	0.174794
0.62	0.180198
0.63	0.185665
0.64	0.191195
0.65	0.196787
0.66	0.20244
0.67	0.208152
0.68	0.213922
0.69	0.21975
0.7	0.225634
0.71	0.231573
0.72	0.237565
0.73	0.24361
0.74	0.249706
0.75	0.255852
0.76	0.262047
0.77	0.26829
0.78	0.274578
0.79	0.280912
0.8	0.28729
0.81	0.293711
0.82	0.300172
0.83	0.306674
0.84	0.313214
0.85	0.319792
0.86	0.326405
0.87	0.333053
0.88	0.339735
0.89	0.346449
0.9	0.353194
0.91	0.359967
0.92	0.366769
0.93	0.373598
0.94	0.380452
0.95	0.387329
0.96	0.394229
0.97	0.401151
0.98	0.408092
0.99	0.415052
1	0.422028
1.01	0.42902
1.02	0.436026
1.03	0.443046
1.04	0.450076
1.05	0.457117
1.06	0.464166
1.07	0.471222
1.08	0.478284
1.09	0.48535
1.1	0.492419
1.11	0.49949
1.12	0.506561
1.13	0.513631
1.14	0.520698
1.15	0.52776
1.16	0.534817
1.17	0.541868
1.18	0.548909
1.19	0.555941
1.2	0.562962
1.21	0.56997
1.22	0.576965
1.23	0.583944
1.24	0.590906
1.25	0.59785
1.26	0.604774
1.27	0.611677
1.28	0.618558
1.29	0.625416
1.3	0.632248
1.31	0.639054
1.32	0.645832
1.33	0.65258
1.34	0.659299
1.35	0.665985
1.36	0.672638
1.37	0.679257
1.38	0.68584
1.39	0.692386
1.4	0.698893
1.41	0.705361
1.42	0.711787
1.43	0.718171
1.44	0.724511
1.45	0.730807
1.46	0.737056
1.47	0.743258
1.48	0.749411
1.49	0.755515
1.5	0.761567
1.51	0.767567
1.52	0.773513
1.53	0.779405
1.54	0.785241
1.55	0.79102
1.56	0.79674
1.57	0.802402
1.58	0.808003
1.59	0.813542
1.6	0.819018
1.61	0.824431
1.62	0.829779
1.63	0.835061
1.64	0.840275
1.65	0.845422
1.66	0.8505
1.67	0.855507
1.68	0.860444
1.69	0.865308
1.7	0.8701
1.71	0.874817
1.72	0.879459
1.73	0.884026
1.74	0.888515
1.75	0.892927
1.76	0.897261
1.77	0.901515
1.78	0.905688
1.79	0.909781
1.8	0.913791
1.81	0.917719
1.82	0.921564
1.83	0.925323
1.84	0.928998
1.85	0.932587
1.86	0.93609
1.87	0.939505
1.88	0.942833
1.89	0.946072
1.9	0.949221
1.91	0.952281
1.92	0.95525
1.93	0.958129
1.94	0.960916
1.95	0.96361
1.96	0.966212
1.97	0.96872
1.98	0.971135
1.99	0.973456
2	0.975682
2.01	0.977812
2.02	0.979847
2.03	0.981787
2.04	0.98363
2.05	0.985376
2.06	0.987025
2.07	0.988577
2.08	0.990031
2.09	0.991386
2.1	0.992644
2.11	0.993803
2.12	0.994864
2.13	0.995825
2.14	0.996687
2.15	0.99745
2.16	0.998114
2.17	0.998677
2.18	0.999142
2.19	0.999506
2.2	0.99977
2.21	0.999935
2.22	0.999999
2.23	0.999963
2.24	0.999828
2.25	0.999592
2.26	0.999257
2.27	0.998821
2.28	0.998286
2.29	0.997652
2.3	0.996917
2.31	0.996084
2.32	0.995151
2.33	0.994119
2.34	0.992988
2.35	0.991759
2.36	0.990431
2.37	0.989006
2.38	0.987482
2.39	0.985861
2.4	0.984143
2.41	0.982328
2.42	0.980416
2.43	0.978409
2.44	0.976306
2.45	0.974107
2.46	0.971814
2.47	0.969426
2.48	0.966945
2.49	0.96437
2.5	0.961702
2.51	0.958942
2.52	0.95609
2.53	0.953146
2.54	0.950113
2.55	0.946989
2.56	0.943775
2.57	0.940473
2.58	0.937083
2.59	0.933606
2.6	0.930042
2.61	0.926392
2.62	0.922656
2.63	0.918836
2.64	0.914932
2.65	0.910946
2.66	0.906877
2.67	0.902726
2.68	0.898495
2.69	0.894185
2.7	0.889795
2.71	0.885328
2.72	0.880784
2.73	0.876163
2.74	0.871467
2.75	0.866697
2.76	0.861854
2.77	0.856938
2.78	0.851951
2.79	0.846893
2.8	0.841766
2.81	0.836571
2.82	0.831308
2.83	0.825979
2.84	0.820585
2.85	0.815127
2.86	0.809606
2.87	0.804023
2.88	0.798379
2.89	0.792675
2.9	0.786913
2.91	0.781093
2.92	0.775218
2.93	0.769287
2.94	0.763302
2.95	0.757265
2.96	0.751176
2.97	0.745037
2.98	0.738849
2.99	0.732613
3	0.726331
3.01	0.720003
3.02	0.713632
3.03	0.707218
3.04	0.700762
3.05	0.694266
3.06	0.687731
3.07	0.681159
3.08	0.67455
3.09	0.667907
3.1	0.66123
3.11	0.654521
3.12	0.647781
3.13	0.641011
3.14	0.634213
3.15	0.627388
3.16	0.620538
3.17	0.613664
3.18	0.606767
3.19	0.599848
3.2	0.59291
3.21	0.585953
3.22	0.578979
3.23	0.571989
3.24	0.564984
3.25	0.557967
3.26	0.550938
3.27	0.543899
3.28	0.536851
3.29	0.529795
3.3	0.522734
3.31	0.515668
3.32	0.5086
3.33	0.501529
3.34	0.494458
3.35	0.487388
3.36	0.480321
3.37	0.473257
3.38	0.466199
3.39	0.459148
3.4	0.452105
3.41	0.445071
3.42	0.438049
3.43	0.431039
3.44	0.424042
3.45	0.417061
3.46	0.410097
3.47	0.40315
3.48	0.396223
3.49	0.389316
3.5	0.382432
3.51	0.375571
3.52	0.368735
3.53	0.361926
3.54	0.355143
3.55	0.34839
3.56	0.341668
3.57	0.334977
3.58	0.328318
3.59	0.321695
3.6	0.315107
3.61	0.308555
3.62	0.302043
3.63	0.295569
3.64	0.289137
3.65	0.282747
3.66	0.2764
3.67	0.270098
3.68	0.263842
3.69	0.257633
3.7	0.251473
3.71	0.245362
3.72	0.239302
3.73	0.233295
3.74	0.22734
3.75	0.221441
3.76	0.215597
3.77	0.20981
3.78	0.204081
3.79	0.198411
3.8	0.192801
3.81	0.187253
3.82	0.181767
3.83	0.176345
3.84	0.170988
3.85	0.165697
3.86	0.160472
3.87	0.155316
3.88	0.150228
3.89	0.14521
3.9	0.140263
3.91	0.135388
3.92	0.130587
3.93	0.125858
3.94	0.121205
3.95	0.116628
3.96	0.112127
3.97	0.107704
3.98	0.103359
3.99	0.0990935
4	0.0949083
4.01	0.090804
4.02	0.0867816
4.03	0.0828419
4.04	0.0789855
4.05	0.0752134
4.06	0.0715262
4.07	0.0679247
4.08	0.0644097
4.09	0.0609817
4.1	0.0576416
4.11	0.0543899
4.12	0.0512273
4.13	0.0481545
4.14	0.0451721
4.15	0.0422806
4.16	0.0394806
4.17	0.0367728
4.18	0.0341576
4.19	0.0316356
4.2	0.0292073
4.21	0.0268731
4.22	0.0246335
4.23	0.022489
4.24	0.02044
4.25	0.0184869
4.26	0.0166301
4.27	0.01487
4.28	0.0132069
4.29	0.0116412
4.3	0.0101731
4.31	0.00880305
4.32	0.00753119
4.33	0.00635782
4.34	0.00528318
4.35	0.00430748
4.36	0.00343092
4.37	0.00265367
4.38	0.00197588
4.39	0.0013977
4.4	0.000919244
4.41	0.000540598
4.42	0.000261842
4.43	8.30325e-05
4.44	4.2043e-06
4.45	2.53736e-05
4.46	0.000146536
4.47	0.000367668
4.48	0.000688724
4.49	0.00110964
4.5	0.00163033
4.51	0.0022507
4.52	0.00297061
4.53	0.00378993
4.54	0.00470849
4.55	0.00572611
4.56	0.00684257
4.57	0.00805767
4.58	0.00937116
4.59	0.0107828
4.6	0.0122922
4.61	0.0138992
4.62	0.0156034
4.63	0.0174045
4.64	0.0193021
4.65	0.0212959
4.66	0.0233853
4.67	0.0255701
4.68	0.0278498
4.69	0.0302239
4.7	0.032692
4.71	0.0352535
4.72	0.037908
4.73	0.0406549
4.74	0.0434937
4.75	0.0464237
4.76	0.0494445
4.77	0.0525554
4.78	0.0557558
4.79	0.059045
4.8	0.0624224
4.81	0.0658873
4.82	0.0694391
4.83	0.0730769
4.84	0.0768002
4.85	0.080608
4.86	0.0844998
4.87	0.0884747
4.88	0.0925318
4.89	0.0966705
4.9	0.10089
4.91	0.105189
4.92	0.109567
4.93	0.114023
4.94	0.118557
4.95	0.123166
4.96	0.127851
4.97	0.132611
4.98	0.137444
4.99	0.142349
5	0.147326
5.01	0.152374
5.02	0.157491
5.03	0.162676
5.04	0.167929
5.05	0.173249
5.06	0.178633
5.07	0.184082
5.08	0.189595
5.09	0.195169
5.1	0.200804
5.11	0.206499
5.12	0.212253
5.13	0.218064
5.14	0.223932
5.15	0.229855
5.16	0.235832
5.17	0.241862
5.18	0.247943
5.19	0.254075
5.2	0.260256
5.21	0.266485
5.22	0.272761
5.23	0.279082
5.24	0.285447
5.25	0.291855
5.26	0.298305
5.27	0.304795
5.28	0.311325
5.29	0.317892
5.3	0.324495
5.31	0.331133
5.32	0.337806
5.33	0.34451
5.34	0.351246
5.35	0.358012
5.36	0.364806
5.37	0.371627
5.38	0.378473
5.39	0.385344
5.4	0.392238
5.41	0.399154
5.42	0.406089
5.43	0.413043
5.44	0.420015
5.45	0.427003
5.46	0.434005
5.47	0.441021
5.48	0.448048
5.49	0.455086
5.5	0.462133
5.51	0.469187
5.52	0.476248
5.53	0.483313
5.54	0.490381
5.55	0.497452
5.56	0.504523
5.57	0.511593
5.58	0.518661
5.59	0.525725
5.6	0.532784
5.61	0.539836
5.62	0.54688
5.63	0.553915
5.64	0.56094
5.65	0.567952
5.66	0.57495
5.67	0.581933
5.68	0.5889
5.69	0.59585
5.7	0.60278
5.71	0.609689
5.72	0.616577
5.73	0.623441
5.74	0.630281
5.75	0.637095
5.76	0.643881
5.77	0.650638
5.78	0.657365
5.79	0.664061
5.8	0.670724
5.81	0.677353
5.82	0.683946
5.83	0.690503
5.84	0.697021
5.85	0.7035
5.86	0.709939
5.87	0.716335
5.88	0.722688
5.89	0.728997
5.9	0.735259
5.91	0.741475
5.92	0.747642
5.93	0.75376
5.94	0.759827
5.95	0.765843
5.96	0.771805
5.97	0.777712
5.98	0.783564
5.99	0.78936
6	0.795097
6.01	0.800776
6.02	0.806394
6.03	0.811951
6.04	0.817446
6.05	0.822877
6.06	0.828244
6.07	0.833545
6.08	0.838779
6.09	0.843945
6.1	0.849043
6.11	0.854071
6.12	0.859028
6.13	0.863913
6.14	0.868726
6.15	0.873465
6.16	0.878129
6.17	0.882717
6.18	0.887229
6.19	0.891664
6.2	0.89602
6.21	0.900297
6.22	0.904494
6.23	0.90861
6.24	0.912644
6.25	0.916595
6.26	0.920464
6.27	0.924248
6.28	0.927948
6.29	0.931561
6.3	0.935089
6.31	0.93853
6.32	0.941882
6.33	0.945147
6.34	0.948322
6.35	0.951408
6.36	0.954404
6.37	0.957308
6.38	0.960121
6.39	0.962843
6.4	0.965471
6.41	0.968007
6.42	0.970449
6.43	0.972796
6.44	0.97505
6.45	0.977208
6.46	0.979271
6.47	0.981238
6.48	0.983108
6.49	0.984882
6.5	0.986559
6.51	0.988139
6.52	0.989621
6.53	0.991006
6.54	0.992292
6.55	0.993479
6.56	0.994568
6.57	0.995558
6.58	0.996449
6.59	0.99724
6.6	0.997933
6.61	0.998525
6.62	0.999018
6.63	0.999411
6.64	0.999704
6.65	0.999897
6.66	0.999991
6.67	0.999984
6.68	0.999877
6.69	0.99967
6.7	0.999364
6.71	0.998957
6.72	0.998451
6.73	0.997845
6.74	0.997139
6.75	0.996334
6.76	0.99543
6.77	0.994426
6.78	0.993324
6.79	0.992123
6.8	0.990824
6.81	0.989426
6.82	0.987931
6.83	0.986338
6.84	0.984648
6.85	0.982861
6.86	0.980977
6.87	0.978997
6.88	0.976921
6.89	0.97475
6.9	0.972484
6.91	0.970124
6.92	0.967669
6.93	0.965121
6.94	0.96248
6.95	0.959746
6.96	0.956921
6.97	0.954004
6.98	0.950996
6.99	0.947898
7	0.944711
7.01	0.941434
7.02	0.93807
7.03	0.934617
7.04	0.931078
7.05	0.927453
7.06	0.923742
7.07	0.919946
7.08	0.916066
7.09	0.912103
7.1	0.908058
7.11	0.903931
7.12	0.899723
7.13	0.895436
7.14	0.891069
7.15	0.886624
7.16	0.882101
7.17	0.877503
7.18	0.872829
7.19	0.86808
7.2	0.863257
7.21	0.858362
7.22	0.853396
7.23	0.848358
7.24	0.843251
7.25	0.838075
7.26	0.832832
7.27	0.827522
7.28	0.822147
7.29	0.816707
7.3	0.811204
7.31	0.805638
7.32	0.800012
7.33	0.794325
7.34	0.78858
7.35	0.782777
7.36	0.776917
7.37	0.771002
7.38	0.765033
7.39	0.759011
7.4	0.752937
7.41	0.746812
7.42	0.740638
7.43	0.734416
7.44	0.728147
7.45	0.721832
7.46	0.715473
7.47	0.709071
7.48	0.702627
7.49	0.696142
7.5	0.689619
7.51	0.683057
7.52	0.676459
7.53	0.669826
7.54	0.663158
7.55	0.656458
7.56	0.649727
7.57	0.642965
7.58	0.636175
7.59	0.629358
7.6	0.622515
7.61	0.615648
7.62	0.608757
7.63	0.601845
7.64	0.594912
7.65	0.58796
7.66	0.580991
7.67	0.574005
7.68	0.567005
7.69	0.559991
7.7	0.552965
7.71	0.545929
7.72	0.538884
7.73	0.53183
7.74	0.524771
7.75	0.517706
7.76	0.510638
7.77	0.503567
7.78	0.496496
7.79	0.489426
7.8	0.482358
7.81	0.475293
7.82	0.468234
7.83	0.46118
7.84	0.454135
7.85	0.447098
7.86	0.440072
7.87	0.433058
7.88	0.426058
7.89	0.419072
7.9	0.412103
7.91	0.405151
7.92	0.398218
7.93	0.391305
7.94	0.384414
7.95	0.377547
7.96	0.370703
7.97	0.363886
7.98	0.357096
7.99	0.350334
8	0.343603
8.01	0.336902
8.02	0.330234
8.03	0.323601
8.04	0.317002
8.05	0.31044
8.06	0.303916
8.07	0.297431
8.08	0.290987
8.09	0.284584
8.1	0.278225
8.11	0.27191
8.12	0.265641
8.13	0.259418
8.14	0.253244
8.15	0.247118
8.16	0.241044
8.17	0.235021
8.18	0.229051
8.19	0.223136
8.2	0.217276
8.21	0.211472
8.22	0.205726
8.23	0.200039
8.24	0.194412
8.25	0.188846
8.26	0.183342
8.27	0.177902
8.28	0.172526
8.29	0.167215
8.3	0.161971
8.31	0.156795
8.32	0.151687
8.33	0.146649
8.34	0.141682
8.35	0.136786
8.36	0.131963
8.37	0.127214
8.38	0.122539
8.39	0.11794
8.4	0.113417
8.41	0.108971
8.42	0.104603
8.43	0.100315
8.44	0.0961065
8.45	0.0919788
8.46	0.0879328
8.47	0.0839691
8.48	0.0800886
8.49	0.0762921
8.5	0.0725804
8.51	0.0689541
8.52	0.0654141
8.53	0.0619609
8.54	0.0585954
8.55	0.0553181
8.56	0.0521298
8.57	0.0490311
8.58	0.0460225
8.59	0.0431048
8.6	0.0402784
8.61	0.0375439
8.62	0.034902
8.63	0.0323531
8.64	0.0298977
8.65	0.0275363
8.66	0.0252694
8.67	0.0230974
8.68	0.0210209
8.69	0.0190401
8.7	0.0171555
8.71	0.0153675
8.72	0.0136764
8.73	0.0120826
8.74	0.0105863
8.75	0.00918794
8.76	0.00788773
8.77	0.00668595
8.78	0.00558282
8.79	0.00457858
8.8	0.00367342
8.81	0.00286752
8.82	0.00216105
8.83	0.00155414
8.84	0.00104693
8.85	0.000639496
8.86	0.000331937
8.87	0.00012431
8.88	1.6656e-05
8.89	8.99739e-06
8.9	0.000101335
8.91	0.000293651
8.92	0.000585907
8.93	0.000978044
8.94	0.00146998
8.95	0.00206163
8.96	0.00275286
8.97	0.00354353
8.98	0.0044335
8.99	0.00542258
9	0.00651057
9.01	0.00769726
9.02	0.00898241
9.03	0.0103658
9.04	0.011847
9.05	0.0134259
9.06	0.0151022
9.07	0.0168753
9.08	0.0187452
9.09	0.0207112
9.1	0.0227732
9.11	0.0249305
9.12	0.0271829
9.13	0.0295298
9.14	0.0319709
9.15	0.0345055
9.16	0.0371333
9.17	0.0398536
9.18	0.0426659
9.19	0.0455697
9.2	0.0485644
9.21	0.0516494
9.22	0.054824
9.23	0.0580877
9.24	0.0614397
9.25	0.0648795
9.26	0.0684063
9.27	0.0720194
9.28	0.0757181
9.29	0.0795016
9.3	0.0833693
9.31	0.0873203
9.32	0.0913538
9.33	0.095469
9.34	0.0996652
9.35	0.103941
9.36	0.108297
9.37	0.112731
9.38	0.117242
9.39	0.12183
9.4	0.126493
9.41	0.131231
9.42	0.136043
9.43	0.140928
9.44	0.145884
9.45	0.150911
9.46	0.156008
9.47	0.161174
9.48	0.166408
9.49	0.171708
9.5	0.177074
9.51	0.182505
9.52	0.187999
9.53	0.193555
9.54	0.199173
9.55	0.204851
9.56	0.210588
9.57	0.216383
9.58	0.222235
9.59	0.228142
9.6	0.234103
9.61	0.240118
9.62	0.246185
9.63	0.252302
9.64	0.258469
9.65	0.264684
9.66	0.270947
9.67	0.277255
9.68	0.283608
9.69	0.290004
9.7	0.296442
9.71	0.30292
9.72	0.309438
9.73	0.315995
9.74	0.322588
9.75	0.329216
9.76	0.335879
9.77	0.342574
9.78	0.349301
9.79	0.356058
9.8	0.362844
9.81	0.369657
9.82	0.376497
9.83	0.383361
9.84	0.390248
9.85	0.397158
9.86	0.404088
9.87	0.411037
9.88	0.418004
9.89	0.424987
9.9	0.431985
9.91	0.438997
9.92	0.446021
9.93	0.453056
9.94	0.460101
9.95	0.467153
9.96	0.474212
9.97	0.481276
9.98	0.488343
9.99	0.495414
10	0.502485
10.01	0.509555
10.02	0.516624
10.03	0.523689
10.04	0.530749
10.05	0.537804
10.06	0.54485
10.07	0.551888
10.08	0.558916
10.09	0.565931
10.1	0.572934
10.11	0.579922
10.12	0.586894
10.13	0.593848
10.14	0.600784
10.15	0.6077
10.16	0.614594
10.17	0.621465
10.18	0.628312
10.19	0.635133
10.2	0.641927
10.21	0.648693
10.22	0.655429
10.23	0.662134
10.24	0.668807
10.25	0.675445
10.26	0.682049
10.27	0.688616
10.28	0.695146
10.29	0.701636
10.3	0.708087
10.31	0.714495
10.32	0.720861
10.33	0.727183
10.34	0.733459
10.35	0.739688
10.36	0.745869
10.37	0.752002
10.38	0.758084
10.39	0.764114
10.4	0.770091
10.41	0.776015
10.42	0.781883
10.43	0.787695
10.44	0.793449
10.45	0.799145
10.46	0.804781
10.47	0.810356
10.48	0.815868
10.49	0.821318
10.5	0.826703
10.51	0.832023
10.52	0.837277
10.53	0.842463
10.54	0.847581
10.55	0.852629
10.56	0.857606
10.57	0.862513
10.58	0.867346
10.59	0.872106
10.6	0.876792
10.61	0.881402
10.62	0.885936
10.63	0.890393
10.64	0.894772
10.65	0.899072
10.66	0.903292
10.67	0.907431
10.68	0.911489
10.69	0.915465
10.7	0.919357
10.71	0.923166
10.72	0.92689
10.73	0.930529
10.74	0.934081
10.75	0.937547
10.76	0.940925
10.77	0.944215
10.78	0.947416
10.79	0.950528
10.8	0.95355
10.81	0.956481
10.82	0.95932
10.83	0.962068
10.84	0.964723
10.85	0.967286
10.86	0.969755
10.87	0.97213
10.88	0.97441
10.89	0.976596
10.9	0.978686
10.91	0.980681
10.92	0.982579
10.93	0.984381
10.94	0.986086
10.95	0.987694
10.96	0.989204
10.97	0.990617
10.98	0.991931
10.99	0.993147
11	0.994265
11.01	0.995283
11.02	0.996203
11.03	0.997023
11.04	0.997744
11.05	0.998365
11.06	0.998887
11.07	0.999308
11.08	0.99963
11.09	0.999852
11.1	0.999974
11.11	0.999996
11.12	0.999919
11.13	0.999741
11.14	0.999463
11.15	0.999085
11.16	0.998607
11.17	0.99803
11.18	0.997353
11.19	0.996577
11.2	0.995701
11.21	0.994726
11.22	0.993653
11.23	0.99248
11.24	0.991209
11.25	0.98984
11.26	0.988373
11.27	0.986808
11.28	0.985146
11.29	0.983387
11.3	0.981531
11.31	0.979579
11.32	0.97753
11.33	0.975387
11.34	0.973148
11.35	0.970815
11.36	0.968387
11.37	0.965866
11.38	0.963252
11.39	0.960545
11.4	0.957746
11.41	0.954855
11.42	0.951873
11.43	0.948802
11.44	0.94564
11.45	0.942389
11.46	0.93905
11.47	0.935622
11.48	0.932108
11.49	0.928507
11.5	0.924821
11.51	0.92105
11.52	0.917194
11.53	0.913255
11.54	0.909233
11.55	0.90513
11.56	0.900945
11.57	0.896681
11.58	0.892336
11.59	0.887914
11.6	0.883414
11.61	0.878837
11.62	0.874184
11.63	0.869457
11.64	0.864656
11.65	0.859782
11.66	0.854835
11.67	0.849818
11.68	0.844731
11.69	0.839575
11.7	0.834351
11.71	0.82906
11.72	0.823704
11.73	0.818282
11.74	0.812797
11.75	0.80725
11.76	0.801641
11.77	0.795971
11.78	0.790243
11.79	0.784456
11.8	0.778613
11.81	0.772714
11.82	0.76676
11.83	0.760753
11.84	0.754694
11.85	0.748583
11.86	0.742423
11.87	0.736215
11.88	0.729959
11.89	0.723658
11.9	0.717311
11.91	0.710922
11.92	0.70449
11.93	0.698017
11.94	0.691504
11.95	0.684953
11.96	0.678365
11.97	0.671742
11.98	0.665084
11.99	0.658393
12	0.651671
12.01	0.644918
12.02	0.638136
12.03	0.631327
12.04	0.624491
12.05	0.61763
12.06	0.610746
12.07	0.60384
12.08	0.596913
12.09	0.589966
12.1	0.583002
12.11	0.576021
12.12	0.569025
12.13	0.562015
12.14	0.554992
12.15	0.547959
12.16	0.540916
12.17	0.533865
12.18	0.526807
12.19	0.519743
12.2	0.512676
12.21	0.505606
12.22	0.498535
12.23	0.491464
12.24	0.484396
12.25	0.47733
12.26	0.470268
12.27	0.463213
12.28	0.456165
12.29	0.449126
12.3	0.442097
12.31	0.435079
12.32	0.428075
12.33	0.421085
12.34	0.41411
12.35	0.407153
12.36	0.400215
12.37	0.393296
12.38	0.386399
12.39	0.379524
12.4	0.372674
12.41	0.365849
12.42	0.359051
12.43	0.352281
12.44	0.34554
12.45	0.338831
12.46	0.332153
12.47	0.32551
12.48	0.318901
12.49	0.312328
12.5	0.305793
12.51	0.299297
12.52	0.292841
12.53	0.286426
12.54	0.280054
12.55	0.273726
12.56	0.267443
12.57	0.261207
12.58	0.255019
12.59	0.248879
12.6	0.24279
12.61	0.236752
12.62	0.230767
12.63	0.224836
12.64	0.218959
12.65	0.213139
12.66	0.207377
12.67	0.201672
12.68	0.196028
12.69	0.190444
12.7	0.184922
12.71	0.179464
12.72	0.174069
12.73	0.168739
12.74	0.163476
12.75	0.15828
12.76	0.153153
12.77	0.148094
12.78	0.143107
12.79	0.13819
12.8	0.133346
12.81	0.128575
12.82	0.123879
12.83	0.119257
12.84	0.114712
12.85	0.110244
12.86	0.105854
12.87	0.101543
12.88	0.0973113
12.89	0.0931602
12.9	0.0890905
12.91	0.085103
12.92	0.0811984
12.93	0.0773776
12.94	0.0736414
12.95	0.0699904
12.96	0.0664254
12.97	0.0629471
12.98	0.0595563
12.99	0.0562535
13	0.0530394
13.01	0.0499148
13.02	0.0468802
13.03	0.0439362
13.04	0.0410834
13.05	0.0383224
13.06	0.0356537
13.07	0.0330779
13.08	0.0305955
13.09	0.0282069
13.1	0.0259127
13.11	0.0237134
13.12	0.0216092
13.13	0.0196008
13.14	0.0176884
13.15	0.0158725
13.16	0.0141534
13.17	0.0125315
13.18	0.0110071
13.19	0.0095805
13.2	0.00825196
13.21	0.00702176
13.22	0.00589017
13.23	0.00485739
13.24	0.00392364
13.25	0.0030891
13.26	0.00235394
13.27	0.00171831
13.28	0.00118234
13.29	0.000746128
13.3	0.000409764
13.31	0.000173317
13.32	3.68337e-05
13.33	3.41202e-07
13.34	6.3847e-05
13.35	0.000227338
13.36	0.000490783
13.37	0.000854127
13.38	0.0013173
13.39	0.00188021
13.4	0.00254273
13.41	0.00330475
13.42	0.00416611
13.43	0.00512663
13.44	0.00618613
13.45	0.00734438
13.46	0.00860117
13.47	0.00995623
13.48	0.0114093
13.49	0.0129601
13.5	0.0146083
13.51	0.0163535
13.52	0.0181955
13.53	0.0201339
13.54	0.0221682
13.55	0.0242981
13.56	0.0265232
13.57	0.0288429
13.58	0.0312568
13.59	0.0337645
13.6	0.0363655
13.61	0.0390592
13.62	0.041845
13.63	0.0447225
13.64	0.0476911
13.65	0.0507501
13.66	0.0538989
13.67	0.057137
13.68	0.0604636
13.69	0.0638782
13.7	0.0673799
13.71	0.0709682
13.72	0.0746423
13.73	0.0784015
13.74	0.082245
13.75	0.086172
13.76	0.0901818
13.77	0.0942736
13.78	0.0984465
13.79	0.1027
13.8	0.107032
13.81	0.111444
13.82	0.115933
13.83	0.120498
13.84	0.12514
13.85	0.129857
13.86	0.134647
13.87	0.139511
13.88	0.144447
13.89	0.149454
13.9	0.154531
13.91	0.159677
13.92	0.164891
13.93	0.170173
13.94	0.17552
13.95	0.180932
13.96	0.186408
13.97	0.191947
13.98	0.197547
13.99	0.203208
14	0.208928
14.01	0.214706
14.02	0.220541
14.03	0.226433
14.04	0.232379
14.05	0.238378
14.06	0.24443
14.07	0.250533
14.08	0.256686
14.09	0.262887
14.1	0.269136
14.11	0.275431
14.12	0.281771
14.13	0.288155
14.14	0.294581
14.15	0.301048
14.16	0.307555
14.17	0.3141
14.18	0.320683
14.19	0.327301
14.2	0.333954
14.21	0.34064
14.22	0.347358
14.23	0.354107
14.24	0.360884
14.25	0.36769
14.26	0.374522
14.27	0.381379
14.28	0.38826
14.29	0.395163
14.3	0.402087
14.31	0.409031
14.32	0.415993
14.33	0.422971
14.34	0.429966
14.35	0.436974
14.36	0.443995
14.37	0.451026
14.38	0.458068
14.39	0.465118
14.4	0.472175
14.41	0.479238
14.42	0.486305
14.43	0.493374
14.44	0.500445
14.45	0.507516
14.46	0.514585
14.47	0.521652
14.48	0.528714
14.49	0.53577
14.5	0.542819
14.51	0.54986
14.52	0.55689
14.53	0.56391
14.54	0.570916
14.55	0.577909
14.56	0.584885
14.57	0.591845
14.58	0.598786
14.59	0.605708
14.6	0.612608
14.61	0.619486
14.62	0.62634
14.63	0.633169
14.64	0.639971
14.65	0.646745
14.66	0.65349
14.67	0.660204
14.68	0.666886
14.69	0.673535
14.7	0.680149
14.71	0.686727
14.72	0.693267
14.73	0.699769
14.74	0.706231
14.75	0.712652
14.76	0.71903
14.77	0.725365
14.78	0.731654
14.79	0.737897
14.8	0.744092
14.81	0.750239
14.82	0.756335
14.83	0.762381
14.84	0.768374
14.85	0.774313
14.86	0.780197
14.87	0.786025
14.88	0.791796
14.89	0.797509
14.9	0.803162
14.91	0.808755
14.92	0.814285
14.93	0.819753
14.94	0.825157
14.95	0.830496
14.96	0.835769
14.97	0.840975
14.98	0.846112
14.99	0.851181
15	0.856179
15.01	0.861106
15.02	0.86596
15.03	0.870741
15.04	0.875449
15.05	0.880081
15.06	0.884637
15.07	0.889116
15.08	0.893518
15.09	0.89784
15.1	0.902084
15.11	0.906246
15.12	0.910328
15.13	0.914327
15.14	0.918244
15.15	0.922077
15.16	0.925825
15.17	0.929489
15.18	0.933066
15.19	0.936557
15.2	0.93996
15.21	0.943276
15.22	0.946503
15.23	0.94964
15.24	0.952688
15.25	0.955645
15.26	0.958511
15.27	0.961285
15.28	0.963967
15.29	0.966556
15.3	0.969052
15.31	0.971455
15.32	0.973762
15.33	0.975975
15.34	0.978093
15.35	0.980116
15.36	0.982042
15.37	0.983872
15.38	0.985605
15.39	0.987241
15.4	0.988779
15.41	0.99022
15.42	0.991562
15.43	0.992807
15.44	0.993953
15.45	0.995
15.46	0.995948
15.47	0.996797
15.48	0.997546
15.49	0.998196
15.5	0.998746
15.51	0.999197
15.52	0.999548
15.53	0.999799
15.54	0.99995
15.55	1
15.56	0.999951
15.57	0.999802
15.58	0.999553
15.59	0.999204
15.6	0.998756
15.61	0.998207
15.62	0.997559
15.63	0.996811
15.64	0.995964
15.65	0.995018
15.66	0.993973
15.67	0.992829
15.68	0.991586
15.69	0.990245
15.7	0.988806
15.71	0.987269
15.72	0.985635
15.73	0.983904
15.74	0.982076
15.75	0.980151
15.76	0.978131
15.77	0.976015
15.78	0.973803
15.79	0.971497
15.8	0.969097
15.81	0.966603
15.82	0.964015
15.83	0.961335
15.84	0.958562
15.85	0.955698
15.86	0.952743
15.87	0.949697
15.88	0.946561
15.89	0.943335
15.9	0.940022
15.91	0.93662
15.92	0.93313
15.93	0.929555
15.94	0.925893
15.95	0.922146
15.96	0.918314
15.97	0.914399
15.98	0.910401
15.99	0.906321
16	0.90216
16.01	0.897919
16.02	0.893597
16.03	0.889197
16.04	0.884719
16.05	0.880165
16.06	0.875534
16.07	0.870828
16.08	0.866048
16.09	0.861195
16.1	0.856269
16.11	0.851272
16.12	0.846205
16.13	0.841069
16.14	0.835865
16.15	0.830593
16.16	0.825255
16.17	0.819852
16.18	0.814386
16.19	0.808856
16.2	0.803264
16.21	0.797612
16.22	0.791901
16.23	0.786131
16.24	0.780303
16.25	0.77442
16.26	0.768482
16.27	0.76249
16.28	0.756446
16.29	0.75035
16.3	0.744204
16.31	0.73801
16.32	0.731768
16.33	0.725479
16.34	0.719146
16.35	0.712768
16.36	0.706348
16.37	0.699887
16.38	0.693386
16.39	0.686846
16.4	0.680269
16.41	0.673655
16.42	0.667007
16.43	0.660326
16.44	0.653612
16.45	0.646868
16.46	0.640094
16.47	0.633293
16.48	0.626465
16.49	0.619611
16.5	0.612733
16.51	0.605833
16.52	0.598912
16.53	0.591971
16.54	0.585012
16.55	0.578035
16.56	0.571043
16.57	0.564037
16.58	0.557018
16.59	0.549988
16.6	0.542947
16.61	0.535898
16.62	0.528842
16.63	0.52178
16.64	0.514714
16.65	0.507645
16.66	0.500574
16.67	0.493503
16.68	0.486434
16.69	0.479367
16.7	0.472304
16.71	0.465247
16.72	0.458196
16.73	0.451154
16.74	0.444122
16.75	0.437101
16.76	0.430093
16.77	0.423099
16.78	0.41612
16.79	0.409157
16.8	0.402213
16.81	0.395289
16.82	0.388385
16.83	0.381504
16.84	0.374646
16.85	0.367814
16.86	0.361008
16.87	0.35423
16.88	0.34748
16.89	0.340762
16.9	0.334075
16.91	0.327422
16.92	0.320802
16.93	0.314219
16.94	0.307673
16.95	0.301166
16.96	0.294698
16.97	0.288271
16.98	0.281887
16.99	0.275546
17	0.26925
17.01	0.263
17.02	0.256798
17.03	0.250644
17.04	0.24454
17.05	0.238488
17.06	0.232487
17.07	0.22654
17.08	0.220648
17.09	0.214812
17.1	0.209032
17.11	0.203311
17.12	0.197649
17.13	0.192048
17.14	0.186508
17.15	0.181031
17.16	0.175618
17.17	0.170269
17.18	0.164987
17.19	0.159771
17.2	0.154624
17.21	0.149546
17.22	0.144537
17.23	0.1396
17.24	0.134735
17.25	0.129943
17.26	0.125225
17.27	0.120582
17.28	0.116015
17.29	0.111525
17.3	0.107112
17.31	0.102778
17.32	0.0985232
17.33	0.0943488
17.34	0.0902555
17.35	0.0862442
17.36	0.0823157
17.37	0.0784707
17.38	0.07471
17.39	0.0710343
17.4	0.0674445
17.41	0.0639411
17.42	0.060525
17.43	0.0571967
17.44	0.0539571
17.45	0.0508066
17.46	0.0477459
17.47	0.0447757
17.48	0.0418966
17.49	0.0391091
17.5	0.0364137
17.51	0.0338111
17.52	0.0313017
17.53	0.028886
17.54	0.0265646
17.55	0.0243378
17.56	0.0222062
17.57	0.0201701
17.58	0.01823
17.59	0.0163863
17.6	0.0146392
17.61	0.0129893
17.62	0.0114367
17.63	0.00998186
17.64	0.00862502
17.65	0.00736644
17.66	0.0062064
17.67	0.0051451
17.68	0.00418278
17.69	0.00331962
17.7	0.0025558
17.71	0.00189146
17.72	0.00132674
17.73	0.000861755
17.74	0.000496595
17.75	0.000231335
17.76	6.60267e-05
17.77	7.03461e-07
17.78	3.53784e-05
17.79	0.000170045
17.8	0.000404675
17.81	0.000739223
17.82	0.00117362
17.83	0.00170778
17.84	0.0023416
17.85	0.00307495
17.86	0.00390768
17.87	0.00483963
17.88	0.00587061
17.89	0.00700042
17.9	0.00822882
17.91	0.00955557
17.92	0.0109804
17.93	0.0125031
17.94	0.0141232
17.95	0.0158405
17.96	0.0176547
17.97	0.0195653
17.98	0.021572
17.99	0.0236744
18	0.025872
18.01	0.0281645
18.02	0.0305513
18.03	0.033032
18.04	0.0356061
18.05	0.0382731
18.06	0.0410325
18.07	0.0438836
18.08	0.046826
18.09	0.0498589
18.1	0.052982
18.11	0.0561944
18.12	0.0594955
18.13	0.0628848
18.14	0.0663615
18.15	0.0699249
18.16	0.0735743
18.17	0.0773091
18.18	0.0811283
18.19	0.0850313
18.2	0.0890174
18.21	0.0930856
18.22	0.0972352
18.23	0.101465
18.24	0.105775
18.25	0.110164
18.26	0.114631
18.27	0.119174
18.28	0.123794
18.29	0.128489
18.3	0.133259
18.31	0.138102
18.32	0.143017
18.33	0.148003
18.34	0.15306
18.35	0.158187
18.36	0.163381
18.37	0.168643
18.38	0.173972
18.39	0.179365
18.4	0.184823
18.41	0.190343
18.42	0.195926
18.43	0.201569
18.44	0.207273
18.45	0.213034
18.46	0.218853
18.47	0.224728
18.48	0.230659
18.49	0.236643
18.5	0.24268
18.51	0.248768
18.52	0.254907
18.53	0.261094
18.54	0.26733
18.55	0.273611
18.56	0.279939
18.57	0.28631
18.58	0.292724
18.59	0.299179
18.6	0.305675
18.61	0.312209
18.62	0.318781
18.63	0.325389
18.64	0.332032
18.65	0.338709
18.66	0.345418
18.67	0.352158
18.68	0.358927
18.69	0.365725
18.7	0.37255
18.71	0.3794
18.72	0.386274
18.73	0.393171
18.74	0.400089
18.75	0.407027
18.76	0.413984
18.77	0.420958
18.78	0.427948
18.79	0.434952
18.8	0.441969
18.81	0.448998
18.82	0.456037
18.83	0.463085
18.84	0.47014
18.85	0.477201
18.86	0.484267
18.87	0.491336
18.88	0.498407
18.89	0.505478
18.9	0.512548
18.91	0.519615
18.92	0.526678
18.93	0.533737
18.94	0.540788
18.95	0.547831
18.96	0.554865
18.97	0.561887
18.98	0.568898
18.99	0.575894
19	0.582875
19.01	0.58984
19.02	0.596787
19.03	0.603714
19.04	0.610621
19.05	0.617506
19.06	0.624367
19.07	0.631203
19.08	0.638013
19.09	0.644795
19.1	0.651549
19.11	0.658272
19.12	0.664963
19.13	0.671622
19.14	0.678246
19.15	0.684834
19.16	0.691386
19.17	0.697899
19.18	0.704372
19.19	0.710805
19.2	0.717196
19.21	0.723543
19.22	0.729845
19.23	0.736102
19.24	0.742311
19.25	0.748472
19.26	0.754583
19.27	0.760643
19.28	0.766651
19.29	0.772606
19.3	0.778506
19.31	0.784351
19.32	0.790138
19.33	0.795868
19.34	0.801538
19.35	0.807149
19.36	0.812697
19.37	0.818183
19.38	0.823606
19.39	0.828964
19.4	0.834256
19.41	0.839481
19.42	0.844638
19.43	0.849727
19.44	0.854745
19.45	0.859693
19.46	0.864568
19.47	0.869371
19.48	0.874099
19.49	0.878753
19.5	0.883332
19.51	0.887833
19.52	0.892257
19.53	0.896603
19.54	0.900869
19.55	0.905055
19.56	0.90916
19.57	0.913183
19.58	0.917123
19.59	0.92098
19.6	0.924753
19.61	0.928441
19.62	0.932043
19.63	0.935559
19.64	0.938988
19.65	0.942329
19.66	0.945581
19.67	0.948745
19.68	0.951819
19.69	0.954802
19.7	0.957694
19.71	0.960495
19.72	0.963204
19.73	0.96582
19.74	0.968342
19.75	0.970772
19.76	0.973107
19.77	0.975347
19.78	0.977493
19.79	0.979542
19.8	0.981496
19.81	0.983354
19.82	0.985115
19.83	0.986779
19.84	0.988346
19.85	0.989815
19.86	0.991185
19.87	0.992458
19.88	0.993632
19.89	0.994708
19.9	0.995685
19.91	0.996562
19.92	0.99734
19.93	0.998019
19.94	0.998598
19.95	0.999077
19.96	0.999457
19.97	0.999736
19.98	0.999916
19.99	0.999996
